i1
i2
p1
p2
p3
p4
p5

STEP  1
+0.000000e+00 +0.000000e+00 +1.000000e+00 +7.763465e+09 +0.000000e+00 +0.000000e+00 +0.000000e+00 +2.169005e+09 -1.683385e-01 +0.000000e+00 +0.000000e+00 +0.000000e+00 -2.335809e-01 +0.000000e+00 -9.038770e-03 +0.000000e+00 -7.072068e-02 +0.000000e+00 +0.000000e+00 +0.000000e+00 -1.273294e-01 +0.000000e+00 -2.980286e-04 +0.000000e+00 -1.130676e-27 +0.000000e+00 +1.130676e-27 +3.332382e+09 +0.000000e+00 +0.000000e+00 +0.000000e+00 +4.889041e+08 +0.000000e+00 +0.000000e+00 +0.000000e+00 +1.787781e+09 -4.729524e-02 +0.000000e+00 +0.000000e+00 +0.000000e+00 +8.792943e-02 +0.000000e+00 -3.175620e-01 +0.000000e+00 -4.483692e-02 +0.000000e+00 -2.674549e-03 +0.000000e+00 -5.206963e-02 +0.000000e+00 -1.649137e-02 +0.000000e+00 +0.000000e+00 +0.000000e+00 +0.000000e+00 +1.430205e+09 +0.000000e+00 +0.000000e+00 +0.000000e+00 -1.055227e+09 +0.000000e+00 +0.000000e+00 +0.000000e+00 -1.547754e+08 +2.152033e-02 +0.000000e+00 -6.642669e-05 +0.000000e+00 +5.422890e-02 +0.000000e+00 -1.193154e-01 +0.000000e+00 +1.702908e-02 +0.000000e+00 -6.152808e-03 +0.000000e+00 +1.594635e-02 +0.000000e+00 +1.326822e-02 +0.000000e+00 +0.000000e+00 +0.000000e+00 +0.000000e+00 -5.811280e+08 +0.000000e+00 +0.000000e+00 +0.000000e+00 -5.427962e+08 +0.000000e+00 +0.000000e+00 +0.000000e+00 -1.171810e+08 +3.047730e-02 +0.000000e+00 -3.227746e-02 +0.000000e+00 +2.224957e-02 +0.000000e+00 -4.438097e-02 +0.000000e+00 +7.214791e-03 +0.000000e+00 +3.405100e-03 +0.000000e+00 +1.008385e-02 +0.000000e+00 +9.489436e-03 +0.000000e+00 +0.000000e+00 +0.000000e+00 +0.000000e+00 -3.319676e+08 +0.000000e+00 +0.000000e+00 +0.000000e+00 -3.115613e+08 +0.000000e+00 +0.000000e+00 +0.000000e+00 -8.233277e+07 +2.318557e-02 +0.000000e+00 -3.941137e-02 +0.000000e+00 +1.077667e-02 +0.000000e+00 -1.312447e-02 +0.000000e+00 +3.870259e-03 +0.000000e+00 +4.878852e-03 +0.000000e+00 +7.054655e-03 +0.000000e+00 +3.564435e-03 +0.000000e+00 +0.000000e+00 +0.000000e+00 +0.000000e+00 -2.116307e+08 
+0.000000e+00 +0.000000e+00 +0.000000e+00 +1.870616e+09 +0.000000e+00 +0.000000e+00 +1.000000e+00 +1.400887e+10 -6.182401e-02 +0.000000e+00 +0.000000e+00 +0.000000e+00 -6.304866e-02 +0.000000e+00 -2.333594e-03 +0.000000e+00 -1.932189e-01 +0.000000e+00 +0.000000e+00 +0.000000e+00 -2.695126e-01 +0.000000e+00 -5.513525e-03 +0.000000e+00 -1.832593e-30 +0.000000e+00 +1.832593e-30 +2.193872e+09 +0.000000e+00 +0.000000e+00 +0.000000e+00 +1.412231e+09 +0.000000e+00 +0.000000e+00 +0.000000e+00 +3.442519e+07 -4.445395e-02 +0.000000e+00 +0.000000e+00 +0.000000e+00 +5.592326e-05 +0.000000e+00 -1.138323e-01 +0.000000e+00 -4.786946e-02 +0.000000e+00 -1.843880e-02 +0.000000e+00 +9.975454e-02 +0.000000e+00 -3.002609e-01 +0.000000e+00 +0.000000e+00 +0.000000e+00 +0.000000e+00 +1.468091e+09 +0.000000e+00 +0.000000e+00 +0.000000e+00 -4.662738e+08 +0.000000e+00 +0.000000e+00 +0.000000e+00 -1.793726e+09 +1.921099e-02 +0.000000e+00 -2.790647e-06 +0.000000e+00 +1.930301e-02 +0.000000e+00 +1.205590e-03 +0.000000e+00 +9.361895e-02 +0.000000e+00 -1.019430e-01 +0.000000e+00 +9.381014e-02 +0.000000e+00 -1.393594e-01 +0.000000e+00 +0.000000e+00 +0.000000e+00 +0.000000e+00 -6.619738e+08 +0.000000e+00 +0.000000e+00 +0.000000e+00 -2.289622e+08 +0.000000e+00 +0.000000e+00 +0.000000e+00 -8.685945e+08 +1.076343e-02 +0.000000e+00 +9.633661e-04 +0.000000e+00 +6.130668e-03 +0.000000e+00 +1.941699e-02 +0.000000e+00 +4.156160e-02 +0.000000e+00 -5.660879e-02 +0.000000e+00 +3.778185e-02 +0.000000e+00 -4.495993e-02 +0.000000e+00 +0.000000e+00 +0.000000e+00 +0.000000e+00 -3.478687e+08 +0.000000e+00 +0.000000e+00 +0.000000e+00 -8.167295e+07 +0.000000e+00 +0.000000e+00 +0.000000e+00 -3.814409e+08 +3.889870e-03 +0.000000e+00 +1.538589e-03 +0.000000e+00 +1.724036e-03 +0.000000e+00 +1.219839e-02 +0.000000e+00 +1.803659e-02 +0.000000e+00 -3.299038e-02 +0.000000e+00 +1.556010e-02 +0.000000e+00 -1.653624e-02 +0.000000e+00 +0.000000e+00 +0.000000e+00 +0.000000e+00 -1.353609e+08 
+0.000000e+00 +0.000000e+00 +0.000000e+00 +2.753912e-01 +0.000000e+00 +0.000000e+00 +0.000000e+00 +1.226390e-01 +4.389246e-11 +0.000000e+00 +0.000000e+00 +1.000000e+00 -1.109415e-11 +0.000000e+00 -2.634608e-13 +0.000000e+00 -3.812454e-12 +0.000000e+00 +0.000000e+00 +0.000000e+00 -7.453008e-12 +0.000000e+00 -1.577998e-14 +0.000000e+00 -2.704549e-37 +0.000000e+00 +2.704549e-37 +2.433337e-01 +0.000000e+00 +0.000000e+00 +0.000000e+00 +1.200446e-01 +0.000000e+00 +0.000000e+00 +0.000000e+00 +1.181320e-01 -3.864493e-12 +0.000000e+00 +0.000000e+00 +0.000000e+00 +9.201410e-14 +0.000000e+00 -8.853071e-12 +0.000000e+00 -3.067446e-12 +0.000000e+00 -1.879990e-13 +0.000000e+00 -3.769503e-12 +0.000000e+00 -1.057409e-12 +0.000000e+00 +0.000000e+00 +0.000000e+00 +0.000000e+00 +1.101340e-01 +0.000000e+00 +0.000000e+00 +0.000000e+00 +5.155761e-03 +0.000000e+00 +0.000000e+00 +0.000000e+00 +1.529693e-02 +4.704045e-13 +0.000000e+00 +3.823527e-15 +0.000000e+00 +6.730971e-13 +0.000000e+00 -1.983404e-12 +0.000000e+00 +3.435068e-13 +0.000000e+00 -7.987279e-13 +0.000000e+00 -2.134080e-13 +0.000000e+00 +3.962634e-13 +0.000000e+00 +0.000000e+00 +0.000000e+00 +0.000000e+00 -3.983056e-04 +0.000000e+00 +0.000000e+00 +0.000000e+00 +8.288217e-03 +0.000000e+00 +0.000000e+00 +0.000000e+00 +8.806510e-03 -1.015826e-12 +0.000000e+00 +2.113449e-12 +0.000000e+00 -2.880580e-14 +0.000000e+00 -5.529046e-13 +0.000000e+00 -2.801064e-15 +0.000000e+00 -2.972504e-13 +0.000000e+00 -2.654194e-13 +0.000000e+00 +3.829393e-13 +0.000000e+00 +0.000000e+00 +0.000000e+00 +0.000000e+00 +4.319455e-03 +0.000000e+00 +0.000000e+00 +0.000000e+00 +9.486394e-03 +0.000000e+00 +0.000000e+00 +0.000000e+00 +7.638249e-03 -1.175416e-12 +0.000000e+00 +2.762974e-12 +0.000000e+00 -1.632198e-13 +0.000000e+00 -8.123557e-13 +0.000000e+00 -1.342793e-13 +0.000000e+00 -2.394295e-13 +0.000000e+00 -3.347358e-13 +0.000000e+00 +1.652094e-13 +0.000000e+00 +0.000000e+00 +0.000000e+00 +0.000000e+00 +7.851413e-03 
+0.000000e+00 +0.000000e+00 +0.000000e+00 +3.900635e-01 +0.000000e+00 +0.000000e+00 +0.000000e+00 +1.260448e-01 -1.133842e-11 +0.000000e+00 +0.000000e+00 +0.000000e+00 +4.448834e-11 +0.000000e+00 +6.817479e-13 +1.000000e+00 -4.087043e-12 +0.000000e+00 +0.000000e+00 +0.000000e+00 -7.424571e-12 +0.000000e+00 -1.739427e-14 +0.000000e+00 -9.137405e-40 +0.000000e+00 +9.137405e-40 +2.014747e-01 +0.000000e+00 +0.000000e+00 +0.000000e+00 +2.223032e-01 +0.000000e+00 +0.000000e+00 +0.000000e+00 +1.553845e-01 -6.512189e-12 +0.000000e+00 +0.000000e+00 +0.000000e+00 -1.262444e-11 +0.000000e+00 +1.627693e-11 +0.000000e+00 -4.216802e-12 +0.000000e+00 -2.419578e-13 +0.000000e+00 -5.365426e-12 +0.000000e+00 -1.672323e-12 +0.000000e+00 +0.000000e+00 +0.000000e+00 +0.000000e+00 +1.792208e-01 +0.000000e+00 +0.000000e+00 +0.000000e+00 +8.946964e-02 +0.000000e+00 +0.000000e+00 +0.000000e+00 +6.325089e-02 -3.111643e-12 +0.000000e+00 -4.315942e-15 +0.000000e+00 -4.054517e-12 +0.000000e+00 +8.388829e-12 +0.000000e+00 -9.208133e-13 +0.000000e+00 -1.526732e-12 +0.000000e+00 -2.384068e-12 +0.000000e+00 -4.119364e-13 +0.000000e+00 +0.000000e+00 +0.000000e+00 +0.000000e+00 +7.228808e-02 +0.000000e+00 +0.000000e+00 +0.000000e+00 +3.265748e-02 +0.000000e+00 +0.000000e+00 +0.000000e+00 +2.663443e-02 -5.419245e-14 +0.000000e+00 -2.366911e-12 +0.000000e+00 -1.487695e-12 +0.000000e+00 +4.615580e-12 +0.000000e+00 -4.226513e-13 +0.000000e+00 -7.503498e-13 +0.000000e+00 -1.173671e-12 +0.000000e+00 +5.352626e-13 +0.000000e+00 +0.000000e+00 +0.000000e+00 +0.000000e+00 +2.649257e-02 +0.000000e+00 +0.000000e+00 +0.000000e+00 +9.507911e-03 +0.000000e+00 +0.000000e+00 +0.000000e+00 +1.157195e-02 +8.058692e-13 +0.000000e+00 -3.419372e-12 +0.000000e+00 -5.382454e-13 +0.000000e+00 +3.185530e-12 +0.000000e+00 -1.968233e-13 +0.000000e+00 -2.538614e-13 +0.000000e+00 -5.161112e-13 +0.000000e+00 +6.147486e-13 +0.000000e+00 +0.000000e+00 +0.000000e+00 +0.000000e+00 +7.817550e-03 
+0.000000e+00 +0.000000e+00 +0.000000e+00 +1.219493e-01 +0.000000e+00 +0.000000e+00 +0.000000e+00 +3.785949e-01 -3.876888e-12 +0.000000e+00 +0.000000e+00 +0.000000e+00 -4.122643e-12 +0.000000e+00 -1.491559e-13 +0.000000e+00 +4.321558e-11 +0.000000e+00 +0.000000e+00 +1.000000e+00 -1.298501e-11 +0.000000e+00 -1.000982e-13 +0.000000e+00 -4.672963e-42 +0.000000e+00 +4.672963e-42 +1.271361e-01 +0.000000e+00 +0.000000e+00 +0.000000e+00 +9.028378e-02 +0.000000e+00 +0.000000e+00 +0.000000e+00 +1.731083e-01 -2.843127e-12 +0.000000e+00 +0.000000e+00 +0.000000e+00 -5.976248e-15 +0.000000e+00 -7.371167e-12 +0.000000e+00 -4.480023e-12 +0.000000e+00 +2.742741e-13 +0.000000e+00 -1.865327e-12 +0.000000e+00 -5.949779e-12 +0.000000e+00 +0.000000e+00 +0.000000e+00 +0.000000e+00 +9.678051e-02 +0.000000e+00 +0.000000e+00 +0.000000e+00 -5.129315e-03 +0.000000e+00 +0.000000e+00 +0.000000e+00 +1.872096e-02 +2.737340e-13 +0.000000e+00 -6.884957e-16 +0.000000e+00 +8.159997e-13 +0.000000e+00 -2.097758e-12 +0.000000e+00 -1.078873e-12 +0.000000e+00 +2.702828e-12 +0.000000e+00 +9.856324e-13 +0.000000e+00 -2.274644e-12 +0.000000e+00 +0.000000e+00 +0.000000e+00 +0.000000e+00 -7.143052e-03 +0.000000e+00 +0.000000e+00 +0.000000e+00 -4.091390e-04 +0.000000e+00 +0.000000e+00 +0.000000e+00 +1.241858e-02 +2.701952e-13 +0.000000e+00 -2.647632e-13 +0.000000e+00 +2.161384e-13 +0.000000e+00 -6.917032e-13 +0.000000e+00 -6.361489e-13 +0.000000e+00 +2.036080e-12 +0.000000e+00 +1.920397e-13 +0.000000e+00 -9.341912e-13 +0.000000e+00 +0.000000e+00 +0.000000e+00 +0.000000e+00 -2.529917e-03 +0.000000e+00 +0.000000e+00 +0.000000e+00 +9.718687e-04 +0.000000e+00 +0.000000e+00 +0.000000e+00 +7.044542e-03 +1.559209e-13 +0.000000e+00 -2.799642e-13 +0.000000e+00 +5.735753e-14 +0.000000e+00 -3.056288e-13 +0.000000e+00 -3.204282e-13 +0.000000e+00 +1.228291e-12 +0.000000e+00 +6.184610e-14 +0.000000e+00 -6.055859e-13 +0.000000e+00 +0.000000e+00 +0.000000e+00 +0.000000e+00 -7.216069e-04 
+0.000000e+00 +0.000000e+00 +0.000000e+00 +2.293701e-01 +0.000000e+00 +0.000000e+00 +0.000000e+00 +5.595265e-01 -8.006601e-12 +0.000000e+00 +0.000000e+00 +0.000000e+00 -7.905031e-12 +0.000000e+00 -2.714207e-13 +0.000000e+00 -1.369498e-11 +0.000000e+00 +0.000000e+00 +0.000000e+00 +6.148852e-11 +0.000000e+00 +5.964414e-14 +1.000000e+00 -6.837509e-37 +0.000000e+00 +6.837509e-37 +2.806266e-01 +0.000000e+00 +0.000000e+00 +0.000000e+00 +1.405174e-01 +0.000000e+00 +0.000000e+00 +0.000000e+00 +2.610654e-01 -4.399636e-12 +0.000000e+00 +0.000000e+00 +0.000000e+00 +3.910336e-13 +0.000000e+00 -1.239542e-11 +0.000000e+00 -5.889081e-12 +0.000000e+00 -6.500226e-13 +0.000000e+00 -7.514948e-12 +0.000000e+00 -1.040617e-13 +0.000000e+00 +0.000000e+00 +0.000000e+00 +0.000000e+00 +1.495270e-01 +0.000000e+00 +0.000000e+00 +0.000000e+00 -3.212606e-03 +0.000000e+00 +0.000000e+00 +0.000000e+00 +3.815387e-02 +3.203174e-13 +0.000000e+00 -7.720581e-16 +0.000000e+00 +1.312930e-12 +0.000000e+00 -4.148013e-12 +0.000000e+00 +1.752567e-12 +0.000000e+00 -3.395767e-12 +0.000000e+00 -5.810552e-13 +0.000000e+00 +2.412456e-12 +0.000000e+00 +0.000000e+00 +0.000000e+00 +0.000000e+00 -5.179960e-03 +0.000000e+00 +0.000000e+00 +0.000000e+00 -1.226673e-03 +0.000000e+00 +0.000000e+00 +0.000000e+00 +1.500430e-02 +3.956063e-13 +0.000000e+00 -1.951648e-13 +0.000000e+00 +3.991096e-13 +0.000000e+00 -1.238794e-12 +0.000000e+00 +6.713386e-13 +0.000000e+00 -1.589197e-12 +0.000000e+00 -2.220845e-13 +0.000000e+00 +1.920870e-12 +0.000000e+00 +0.000000e+00 +0.000000e+00 +0.000000e+00 -5.171681e-03 +0.000000e+00 +0.000000e+00 +0.000000e+00 +1.462571e-03 +0.000000e+00 +0.000000e+00 +0.000000e+00 +8.186737e-03 +1.594720e-13 +0.000000e+00 -6.873356e-14 +0.000000e+00 +1.082423e-13 +0.000000e+00 -5.809129e-13 +0.000000e+00 +2.293865e-13 +0.000000e+00 -7.896945e-13 +0.000000e+00 -1.518308e-13 +0.000000e+00 +1.104676e-12 +0.000000e+00 +0.000000e+00 +0.000000e+00 +0.000000e+00 -1.548787e-03 
+0.000000e+00 +0.000000e+00 +0.000000e+00 +4.030358e+09 +0.000000e+00 +0.000000e+00 +0.000000e+00 +3.072611e+09 -1.802772e-01 +0.000000e+00 +0.000000e+00 +0.000000e+00 -1.435544e-01 +0.000000e+00 -4.616497e-03 +0.000000e+00 -8.991759e-02 +0.000000e+00 +0.000000e+00 +0.000000e+00 -1.956407e-01 +0.000000e+00 -3.514966e-04 +0.000000e+00 +1.000000e+00 +0.000000e+00 +7.264522e-11 +1.824429e+10 +0.000000e+00 +0.000000e+00 +0.000000e+00 +1.925681e+09 +0.000000e+00 +0.000000e+00 +0.000000e+00 +2.377956e+09 -5.954632e-02 +0.000000e+00 +0.000000e+00 +0.000000e+00 +1.347260e-02 +0.000000e+00 -1.852242e-01 +0.000000e+00 -5.940067e-02 +0.000000e+00 -4.193486e-03 +0.000000e+00 -7.262344e-02 +0.000000e+00 -1.741638e-02 +0.000000e+00 +0.000000e+00 +0.000000e+00 +0.000000e+00 +1.965958e+09 +0.000000e+00 +0.000000e+00 +0.000000e+00 -9.860753e+07 +0.000000e+00 +0.000000e+00 +0.000000e+00 +2.270217e+08 +1.003273e-02 +0.000000e+00 +1.521888e-05 +0.000000e+00 +2.090195e-02 +0.000000e+00 -5.836435e-02 +0.000000e+00 +1.152295e-02 +0.000000e+00 -1.789543e-02 +0.000000e+00 -1.309159e-04 +0.000000e+00 +1.298029e-02 +0.000000e+00 +0.000000e+00 +0.000000e+00 +0.000000e+00 -1.597714e+08 +0.000000e+00 +0.000000e+00 +0.000000e+00 -2.812796e+06 +0.000000e+00 +0.000000e+00 +0.000000e+00 +9.680746e+07 -4.151981e-04 +0.000000e+00 +1.183660e-02 +0.000000e+00 +5.683573e-03 +0.000000e+00 -2.084039e-02 +0.000000e+00 +3.355895e-03 +0.000000e+00 -5.607003e-03 +0.000000e+00 -5.864381e-04 +0.000000e+00 +1.127379e-02 +0.000000e+00 +0.000000e+00 +0.000000e+00 +0.000000e+00 -6.750432e+07 +0.000000e+00 +0.000000e+00 +0.000000e+00 +5.423227e+07 +0.000000e+00 +0.000000e+00 +0.000000e+00 +7.636150e+07 -5.329260e-03 +0.000000e+00 +1.978257e-02 +0.000000e+00 +1.100106e-03 +0.000000e+00 -1.538640e-02 +0.000000e+00 +1.253160e-04 +0.000000e+00 -2.751029e-03 +0.000000e+00 -1.882280e-03 +0.000000e+00 +5.392561e-03 +0.000000e+00 +0.000000e+00 +0.000000e+00 +0.000000e+00 +1.495954e+07 

STEP  2
+0.000000e+00 +0.000000e+00 +0.000000e+00 +0.000000e+00 +0.000000e+00 +0.000000e+00 +0.000000e+00 +0.000000e+00 +0.000000e+00 +0.000000e+00 +0.000000e+00 +0.000000e+00 +0.000000e+00 +0.000000e+00 +0.000000e+00 +0.000000e+00 +0.000000e+00 +0.000000e+00 +0.000000e+00 +0.000000e+00 +0.000000e+00 +0.000000e+00 +0.000000e+00 +0.000000e+00 +0.000000e+00 +0.000000e+00 +0.000000e+00 +0.000000e+00 +0.000000e+00 +0.000000e+00 +1.000000e+00 +6.826691e+09 +0.000000e+00 +0.000000e+00 +0.000000e+00 +1.825742e+09 -1.405443e-01 +0.000000e+00 +0.000000e+00 +0.000000e+00 -9.759346e-02 +0.000000e+00 -2.910304e-01 +0.000000e+00 -5.682463e-02 +0.000000e+00 -2.991736e-03 +0.000000e+00 -8.317952e-02 +0.000000e+00 -2.463213e-02 +0.000000e+00 +0.000000e+00 +0.000000e+00 +0.000000e+00 +3.469940e+09 +0.000000e+00 +0.000000e+00 +0.000000e+00 +4.558933e+08 +0.000000e+00 +0.000000e+00 +0.000000e+00 +1.060407e+09 -3.382373e-02 +0.000000e+00 -7.207156e-05 +0.000000e+00 +2.047562e-02 +0.000000e+00 -1.858505e-01 +0.000000e+00 -2.086754e-02 +0.000000e+00 -2.079770e-02 +0.000000e+00 -4.052531e-02 +0.000000e+00 -7.377999e-03 +0.000000e+00 +0.000000e+00 +0.000000e+00 +0.000000e+00 +9.429627e+08 +0.000000e+00 +0.000000e+00 +0.000000e+00 -3.540205e+08 +0.000000e+00 +0.000000e+00 +0.000000e+00 +1.522455e+07 +2.483231e-02 +0.000000e+00 -2.971693e-02 +0.000000e+00 +1.777356e-02 +0.000000e+00 -3.752683e-02 +0.000000e+00 +4.255310e-03 +0.000000e+00 -1.134027e-03 +0.000000e+00 +1.532866e-03 +0.000000e+00 +1.644989e-02 +0.000000e+00 +0.000000e+00 +0.000000e+00 +0.000000e+00 -1.856150e+08 +0.000000e+00 +0.000000e+00 +0.000000e+00 -2.184853e+08 +0.000000e+00 +0.000000e+00 +0.000000e+00 -1.624956e+07 +2.021963e-02 +0.000000e+00 -3.615812e-02 +0.000000e+00 +8.642424e-03 +0.000000e+00 -9.616421e-03 +0.000000e+00 +2.089524e-03 +0.000000e+00 +2.874574e-03 +0.000000e+00 +2.481161e-03 +0.000000e+00 +9.269344e-03 +0.000000e+00 +0.000000e+00 +0.000000e+00 +0.000000e+00 -1.391206e+08 
+0.000000e+00 +0.000000e+00 +0.000000e+00 +0.000000e+00 +0.000000e+00 +0.000000e+00 +0.000000e+00 +0.000000e+00 +0.000000e+00 +0.000000e+00 +0.000000e+00 +0.000000e+00 +0.000000e+00 +0.000000e+00 +0.000000e+00 +0.000000e+00 +0.000000e+00 +0.000000e+00 +0.000000e+00 +0.000000e+00 +0.000000e+00 +0.000000e+00 +0.000000e+00 +0.000000e+00 +0.000000e+00 +0.000000e+00 +0.000000e+00 +0.000000e+00 +0.000000e+00 +0.000000e+00 +0.000000e+00 +1.647986e+09 +0.000000e+00 +0.000000e+00 +1.000000e+00 +1.076226e+10 -5.136802e-02 +0.000000e+00 +0.000000e+00 +0.000000e+00 -2.952430e-02 +0.000000e+00 -8.260662e-02 +0.000000e+00 -1.598052e-01 +0.000000e+00 -1.537398e-02 +0.000000e+00 -1.026474e-01 +0.000000e+00 -2.535281e-01 +0.000000e+00 +0.000000e+00 +0.000000e+00 +0.000000e+00 +2.270465e+09 +0.000000e+00 +0.000000e+00 +0.000000e+00 +6.041763e+08 +0.000000e+00 +0.000000e+00 +0.000000e+00 +6.587267e+07 -2.196547e-02 +0.000000e+00 -1.677471e-05 +0.000000e+00 -2.028123e-03 +0.000000e+00 -7.548701e-02 +0.000000e+00 +3.411008e-02 +0.000000e+00 -1.017343e-01 +0.000000e+00 +3.875949e-02 +0.000000e+00 -1.941817e-01 +0.000000e+00 +0.000000e+00 +0.000000e+00 +0.000000e+00 +6.599505e+08 +0.000000e+00 +0.000000e+00 +0.000000e+00 -1.708097e+08 +0.000000e+00 +0.000000e+00 +0.000000e+00 -6.939687e+08 +1.089833e-02 +0.000000e+00 -1.955624e-03 +0.000000e+00 +5.855387e-03 +0.000000e+00 +1.283919e-02 +0.000000e+00 +3.630298e-02 +0.000000e+00 -4.559381e-02 +0.000000e+00 +3.598809e-02 +0.000000e+00 -4.954890e-02 +0.000000e+00 +0.000000e+00 +0.000000e+00 +0.000000e+00 -2.822591e+08 +0.000000e+00 +0.000000e+00 +0.000000e+00 -6.263440e+07 +0.000000e+00 +0.000000e+00 +0.000000e+00 -3.217262e+08 +3.778299e-03 +0.000000e+00 +1.707269e-03 +0.000000e+00 +1.552163e-03 +0.000000e+00 +1.039813e-02 +0.000000e+00 +1.656701e-02 +0.000000e+00 -2.547003e-02 +0.000000e+00 +1.678722e-02 +0.000000e+00 -2.249739e-02 +0.000000e+00 +0.000000e+00 +0.000000e+00 +0.000000e+00 -1.211093e+08 
+0.000000e+00 +0.000000e+00 +0.000000e+00 +0.000000e+00 +0.000000e+00 +0.000000e+00 +0.000000e+00 +0.000000e+00 +0.000000e+00 +0.000000e+00 +0.000000e+00 +0.000000e+00 +0.000000e+00 +0.000000e+00 +0.000000e+00 +0.000000e+00 +0.000000e+00 +0.000000e+00 +0.000000e+00 +0.000000e+00 +0.000000e+00 +0.000000e+00 +0.000000e+00 +0.000000e+00 +0.000000e+00 +0.000000e+00 +0.000000e+00 +0.000000e+00 +0.000000e+00 +0.000000e+00 +0.000000e+00 +2.542635e-01 +0.000000e+00 +0.000000e+00 +0.000000e+00 +1.023656e-01 +4.426168e-11 +0.000000e+00 +0.000000e+00 +1.000000e+00 -5.264474e-12 +0.000000e+00 -1.161932e-11 +0.000000e+00 -3.082600e-12 +0.000000e+00 -1.720227e-13 +0.000000e+00 -4.829578e-12 +0.000000e+00 -1.378969e-12 +0.000000e+00 +0.000000e+00 +0.000000e+00 +0.000000e+00 +2.505009e-01 +0.000000e+00 +0.000000e+00 +0.000000e+00 +8.193836e-02 +0.000000e+00 +0.000000e+00 +0.000000e+00 +7.809179e-02 -2.847073e-12 +0.000000e+00 +7.380662e-15 +0.000000e+00 -9.014559e-13 +0.000000e+00 -7.065487e-12 +0.000000e+00 -1.708841e-12 +0.000000e+00 -1.477054e-12 +0.000000e+00 -3.229968e-12 +0.000000e+00 -6.727006e-13 +0.000000e+00 +0.000000e+00 +0.000000e+00 +0.000000e+00 +8.373474e-02 +0.000000e+00 +0.000000e+00 +0.000000e+00 +1.452731e-02 +0.000000e+00 +0.000000e+00 +0.000000e+00 +1.399439e-02 -2.021448e-12 +0.000000e+00 +3.738096e-12 +0.000000e+00 -1.519935e-13 +0.000000e+00 -1.059465e-12 +0.000000e+00 -1.260305e-13 +0.000000e+00 -5.162185e-13 +0.000000e+00 -6.539250e-13 +0.000000e+00 +7.543326e-13 +0.000000e+00 +0.000000e+00 +0.000000e+00 +0.000000e+00 +1.045137e-02 +0.000000e+00 +0.000000e+00 +0.000000e+00 +1.438584e-02 +0.000000e+00 +0.000000e+00 +0.000000e+00 +1.107982e-02 -2.038971e-12 +0.000000e+00 +4.672598e-12 +0.000000e+00 -2.519468e-13 +0.000000e+00 -1.489866e-12 +0.000000e+00 -2.316829e-13 +0.000000e+00 -3.996258e-13 +0.000000e+00 -5.988912e-13 +0.000000e+00 +4.414846e-13 +0.000000e+00 +0.000000e+00 +0.000000e+00 +0.000000e+00 +1.290382e-02 
+0.000000e+00 +0.000000e+00 +0.000000e+00 +0.000000e+00 +0.000000e+00 +0.000000e+00 +0.000000e+00 +0.000000e+00 +0.000000e+00 +0.000000e+00 +0.000000e+00 +0.000000e+00 +0.000000e+00 +0.000000e+00 +0.000000e+00 +0.000000e+00 +0.000000e+00 +0.000000e+00 +0.000000e+00 +0.000000e+00 +0.000000e+00 +0.000000e+00 +0.000000e+00 +0.000000e+00 +0.000000e+00 +0.000000e+00 +0.000000e+00 +0.000000e+00 +0.000000e+00 +0.000000e+00 +0.000000e+00 +4.759153e-01 +0.000000e+00 +0.000000e+00 +0.000000e+00 +1.404186e-01 -1.256926e-11 +0.000000e+00 +0.000000e+00 +0.000000e+00 +2.768762e-11 +0.000000e+00 +2.965081e-11 +1.000000e+00 -4.402313e-12 +0.000000e+00 -2.377524e-13 +0.000000e+00 -6.548929e-12 +0.000000e+00 -2.020095e-12 +0.000000e+00 +0.000000e+00 +0.000000e+00 +0.000000e+00 +2.873526e-01 +0.000000e+00 +0.000000e+00 +0.000000e+00 +2.067583e-01 +0.000000e+00 +0.000000e+00 +0.000000e+00 +1.523969e-01 -7.815538e-12 +0.000000e+00 -7.807668e-15 +0.000000e+00 -7.904316e-12 +0.000000e+00 +5.064640e-12 +0.000000e+00 -3.756113e-12 +0.000000e+00 -2.533185e-12 +0.000000e+00 -6.586023e-12 +0.000000e+00 -1.980777e-12 +0.000000e+00 +0.000000e+00 +0.000000e+00 +0.000000e+00 +1.915665e-01 +0.000000e+00 +0.000000e+00 +0.000000e+00 +4.126564e-02 +0.000000e+00 +0.000000e+00 +0.000000e+00 +3.527175e-02 +3.151471e-13 +0.000000e+00 -3.801328e-12 +0.000000e+00 -1.962409e-12 +0.000000e+00 +5.707547e-12 +0.000000e+00 -6.061682e-13 +0.000000e+00 -1.043191e-12 +0.000000e+00 -1.718291e-12 +0.000000e+00 +1.032776e-12 +0.000000e+00 +0.000000e+00 +0.000000e+00 +0.000000e+00 +3.504068e-02 +0.000000e+00 +0.000000e+00 +0.000000e+00 +1.024253e-02 +0.000000e+00 +0.000000e+00 +0.000000e+00 +1.402606e-02 +1.381775e-12 +0.000000e+00 -5.086140e-12 +0.000000e+00 -6.753826e-13 +0.000000e+00 +4.132992e-12 +0.000000e+00 -2.474811e-13 +0.000000e+00 -3.041435e-13 +0.000000e+00 -6.954700e-13 +0.000000e+00 +1.064043e-12 +0.000000e+00 +0.000000e+00 +0.000000e+00 +0.000000e+00 +8.576729e-03 
+0.000000e+00 +0.000000e+00 +0.000000e+00 +0.000000e+00 +0.000000e+00 +0.000000e+00 +0.000000e+00 +0.000000e+00 +0.000000e+00 +0.000000e+00 +0.000000e+00 +0.000000e+00 +0.000000e+00 +0.000000e+00 +0.000000e+00 +0.000000e+00 +0.000000e+00 +0.000000e+00 +0.000000e+00 +0.000000e+00 +0.000000e+00 +0.000000e+00 +0.000000e+00 +0.000000e+00 +0.000000e+00 +0.000000e+00 +0.000000e+00 +0.000000e+00 +0.000000e+00 +0.000000e+00 +0.000000e+00 +1.029485e-01 +0.000000e+00 +0.000000e+00 +0.000000e+00 +3.280184e-01 -3.094774e-12 +0.000000e+00 +0.000000e+00 +0.000000e+00 -1.839724e-12 +0.000000e+00 -5.163840e-12 +0.000000e+00 +4.243505e-11 +0.000000e+00 +1.117692e-12 +1.000000e+00 -6.939295e-12 +0.000000e+00 -8.012724e-12 +0.000000e+00 +0.000000e+00 +0.000000e+00 +0.000000e+00 +1.284352e-01 +0.000000e+00 +0.000000e+00 +0.000000e+00 +5.545219e-02 +0.000000e+00 +0.000000e+00 +0.000000e+00 +1.116442e-01 -2.051231e-12 +0.000000e+00 -1.409866e-15 +0.000000e+00 -4.341197e-13 +0.000000e+00 -6.269778e-12 +0.000000e+00 -6.725074e-12 +0.000000e+00 +5.863231e-12 +0.000000e+00 -1.545780e-12 +0.000000e+00 -7.537606e-12 +0.000000e+00 +0.000000e+00 +0.000000e+00 +0.000000e+00 +6.652434e-02 +0.000000e+00 +0.000000e+00 +0.000000e+00 +2.509455e-03 +0.000000e+00 +0.000000e+00 +0.000000e+00 +1.772267e-02 +2.694223e-13 +0.000000e+00 -4.077974e-13 +0.000000e+00 +1.893535e-13 +0.000000e+00 -9.419431e-13 +0.000000e+00 -1.562070e-12 +0.000000e+00 +4.171674e-12 +0.000000e+00 +2.558270e-13 +0.000000e+00 -2.271637e-12 +0.000000e+00 +0.000000e+00 +0.000000e+00 +0.000000e+00 +7.535522e-04 +0.000000e+00 +0.000000e+00 +0.000000e+00 +2.020299e-03 +0.000000e+00 +0.000000e+00 +0.000000e+00 +8.711474e-03 +1.393125e-13 +0.000000e+00 -2.743347e-13 +0.000000e+00 +3.940548e-14 +0.000000e+00 -3.645086e-13 +0.000000e+00 -6.817615e-13 +0.000000e+00 +2.386363e-12 +0.000000e+00 +1.361358e-13 +0.000000e+00 -1.405481e-12 +0.000000e+00 +0.000000e+00 +0.000000e+00 +0.000000e+00 +1.860406e-04 
+0.000000e+00 +0.000000e+00 +0.000000e+00 +0.000000e+00 +0.000000e+00 +0.000000e+00 +0.000000e+00 +0.000000e+00 +0.000000e+00 +0.000000e+00 +0.000000e+00 +0.000000e+00 +0.000000e+00 +0.000000e+00 +0.000000e+00 +0.000000e+00 +0.000000e+00 +0.000000e+00 +0.000000e+00 +0.000000e+00 +0.000000e+00 +0.000000e+00 +0.000000e+00 +0.000000e+00 +0.000000e+00 +0.000000e+00 +0.000000e+00 +0.000000e+00 +0.000000e+00 +0.000000e+00 +0.000000e+00 +1.830911e-01 +0.000000e+00 +0.000000e+00 +0.000000e+00 +4.823526e-01 -5.834275e-12 +0.000000e+00 +0.000000e+00 +0.000000e+00 -3.285272e-12 +0.000000e+00 -9.137652e-12 +0.000000e+00 -1.134816e-11 +0.000000e+00 -8.265690e-13 +0.000000e+00 +5.014023e-11 +0.000000e+00 +9.386338e-12 +1.000000e+00 +0.000000e+00 +0.000000e+00 +0.000000e+00 +2.694176e-01 +0.000000e+00 +0.000000e+00 +0.000000e+00 +9.298084e-02 +0.000000e+00 +0.000000e+00 +0.000000e+00 +1.709256e-01 -3.418183e-12 +0.000000e+00 -2.127283e-15 +0.000000e+00 -6.960820e-13 +0.000000e+00 -1.065018e-11 +0.000000e+00 -1.659246e-12 +0.000000e+00 -6.154907e-12 +0.000000e+00 -6.066859e-12 +0.000000e+00 -2.202574e-13 +0.000000e+00 +0.000000e+00 +0.000000e+00 +0.000000e+00 +1.129075e-01 +0.000000e+00 +0.000000e+00 +0.000000e+00 +1.962791e-03 +0.000000e+00 +0.000000e+00 +0.000000e+00 +1.716299e-02 +4.879413e-13 +0.000000e+00 -4.573342e-13 +0.000000e+00 +3.741627e-13 +0.000000e+00 -1.425387e-12 +0.000000e+00 +9.972670e-13 +0.000000e+00 -2.675515e-12 +0.000000e+00 -4.265424e-13 +0.000000e+00 +2.340981e-12 +0.000000e+00 +0.000000e+00 +0.000000e+00 +0.000000e+00 -1.989649e-03 +0.000000e+00 +0.000000e+00 +0.000000e+00 +1.768365e-03 +0.000000e+00 +0.000000e+00 +0.000000e+00 +6.301028e-03 +1.853258e-13 +0.000000e+00 -4.706093e-15 +0.000000e+00 +9.996290e-14 +0.000000e+00 -4.660817e-13 +0.000000e+00 +4.412163e-13 +0.000000e+00 -1.294659e-12 +0.000000e+00 -7.787785e-14 +0.000000e+00 +1.128942e-12 +0.000000e+00 +0.000000e+00 +0.000000e+00 +0.000000e+00 -1.952362e-03 
+0.000000e+00 +0.000000e+00 +0.000000e+00 +0.000000e+00 +0.000000e+00 +0.000000e+00 +0.000000e+00 +0.000000e+00 +0.000000e+00 +0.000000e+00 +0.000000e+00 +0.000000e+00 +0.000000e+00 +0.000000e+00 +0.000000e+00 +0.000000e+00 +0.000000e+00 +0.000000e+00 +0.000000e+00 +0.000000e+00 +0.000000e+00 +0.000000e+00 +0.000000e+00 +0.000000e+00 +0.000000e+00 +0.000000e+00 +0.000000e+00 +0.000000e+00 +0.000000e+00 +0.000000e+00 +0.000000e+00 +3.827659e+09 +0.000000e+00 +0.000000e+00 +0.000000e+00 +2.793043e+09 -1.511992e-01 +0.000000e+00 +0.000000e+00 +0.000000e+00 -6.992476e-02 +0.000000e+00 -1.878390e-01 +0.000000e+00 -7.826934e-02 +0.000000e+00 -4.692850e-03 +0.000000e+00 -1.368547e-01 +0.000000e+00 -3.466550e-02 +0.000000e+00 +1.000000e+00 +0.000000e+00 +0.000000e+00 +2.232513e+10 +0.000000e+00 +0.000000e+00 +0.000000e+00 +1.278450e+09 +0.000000e+00 +0.000000e+00 +0.000000e+00 +1.622638e+09 -4.412263e-02 +0.000000e+00 -8.554446e-06 +0.000000e+00 -5.091929e-03 +0.000000e+00 -1.597967e-01 +0.000000e+00 -3.010530e-02 +0.000000e+00 -3.683373e-02 +0.000000e+00 -6.590328e-02 +0.000000e+00 -3.598063e-03 +0.000000e+00 +0.000000e+00 +0.000000e+00 +0.000000e+00 +1.498380e+09 +0.000000e+00 +0.000000e+00 +0.000000e+00 +6.075701e+07 +0.000000e+00 +0.000000e+00 +0.000000e+00 +1.924633e+08 +1.249279e-03 +0.000000e+00 +1.021301e-02 +0.000000e+00 +5.896699e-03 +0.000000e+00 -2.984860e-02 +0.000000e+00 +2.499218e-03 +0.000000e+00 -1.173151e-02 +0.000000e+00 -8.376362e-03 +0.000000e+00 +2.547495e-02 +0.000000e+00 +0.000000e+00 +0.000000e+00 +0.000000e+00 -4.795851e+06 +0.000000e+00 +0.000000e+00 +0.000000e+00 +9.599011e+07 +0.000000e+00 +0.000000e+00 +0.000000e+00 +1.267706e+08 -7.762197e-03 +0.000000e+00 +2.901065e-02 +0.000000e+00 +9.993930e-04 +0.000000e+00 -2.353059e-02 +0.000000e+00 -6.531746e-04 +0.000000e+00 -6.251015e-03 +0.000000e+00 -6.267413e-03 +0.000000e+00 +1.562690e-02 +0.000000e+00 +0.000000e+00 +0.000000e+00 +0.000000e+00 +5.580400e+07 

STEP  3
+0.000000e+00 +0.000000e+00 +0.000000e+00 +0.000000e+00 +0.000000e+00 +0.000000e+00 +0.000000e+00 +0.000000e+00 +0.000000e+00 +0.000000e+00 +0.000000e+00 +0.000000e+00 +0.000000e+00 +0.000000e+00 +0.000000e+00 +0.000000e+00 +0.000000e+00 +0.000000e+00 +0.000000e+00 +0.000000e+00 +0.000000e+00 +0.000000e+00 +0.000000e+00 +0.000000e+00 +0.000000e+00 +0.000000e+00 +0.000000e+00 +0.000000e+00 +0.000000e+00 +0.000000e+00 +0.000000e+00 +0.000000e+00 +0.000000e+00 +0.000000e+00 +0.000000e+00 +0.000000e+00 +0.000000e+00 +0.000000e+00 +0.000000e+00 +0.000000e+00 +0.000000e+00 +0.000000e+00 +0.000000e+00 +0.000000e+00 +0.000000e+00 +0.000000e+00 +0.000000e+00 +0.000000e+00 +0.000000e+00 +0.000000e+00 +0.000000e+00 +0.000000e+00 +0.000000e+00 +0.000000e+00 +0.000000e+00 +0.000000e+00 +0.000000e+00 +0.000000e+00 +1.000000e+00 +5.337270e+09 +0.000000e+00 +0.000000e+00 +0.000000e+00 +1.369369e+09 -1.305640e-01 +0.000000e+00 -6.188736e-05 +0.000000e+00 -7.570129e-02 +0.000000e+00 -3.907669e-01 +0.000000e+00 -4.333975e-02 +0.000000e+00 -1.925331e-02 +0.000000e+00 -7.225519e-02 +0.000000e+00 -3.388000e-02 +0.000000e+00 +0.000000e+00 +0.000000e+00 +0.000000e+00 +2.799992e+09 +0.000000e+00 +0.000000e+00 +0.000000e+00 +5.961223e+07 +0.000000e+00 +0.000000e+00 +0.000000e+00 +4.158837e+08 +3.618259e-03 +0.000000e+00 -2.741573e-02 +0.000000e+00 +1.194439e-02 +0.000000e+00 -9.300143e-02 +0.000000e+00 -9.920530e-03 +0.000000e+00 -9.333012e-03 +0.000000e+00 -2.017444e-02 +0.000000e+00 +8.660773e-03 +0.000000e+00 +0.000000e+00 +0.000000e+00 +0.000000e+00 +3.171922e+08 +0.000000e+00 +0.000000e+00 +0.000000e+00 -2.213258e+08 +0.000000e+00 +0.000000e+00 +0.000000e+00 -8.321693e+06 +1.714946e-02 +0.000000e+00 -2.834831e-02 +0.000000e+00 +9.941110e-03 +0.000000e+00 -1.608149e-02 +0.000000e+00 +1.738855e-03 +0.000000e+00 +2.736937e-03 +0.000000e+00 +1.635405e-03 +0.000000e+00 +1.098671e-02 +0.000000e+00 +0.000000e+00 +0.000000e+00 +0.000000e+00 -1.296057e+08 
+0.000000e+00 +0.000000e+00 +0.000000e+00 +0.000000e+00 +0.000000e+00 +0.000000e+00 +0.000000e+00 +0.000000e+00 +0.000000e+00 +0.000000e+00 +0.000000e+00 +0.000000e+00 +0.000000e+00 +0.000000e+00 +0.000000e+00 +0.000000e+00 +0.000000e+00 +0.000000e+00 +0.000000e+00 +0.000000e+00 +0.000000e+00 +0.000000e+00 +0.000000e+00 +0.000000e+00 +0.000000e+00 +0.000000e+00 +0.000000e+00 +0.000000e+00 +0.000000e+00 +0.000000e+00 +0.000000e+00 +0.000000e+00 +0.000000e+00 +0.000000e+00 +0.000000e+00 +0.000000e+00 +0.000000e+00 +0.000000e+00 +0.000000e+00 +0.000000e+00 +0.000000e+00 +0.000000e+00 +0.000000e+00 +0.000000e+00 +0.000000e+00 +0.000000e+00 +0.000000e+00 +0.000000e+00 +0.000000e+00 +0.000000e+00 +0.000000e+00 +0.000000e+00 +0.000000e+00 +0.000000e+00 +0.000000e+00 +0.000000e+00 +0.000000e+00 +0.000000e+00 +0.000000e+00 +1.121471e+09 +0.000000e+00 +0.000000e+00 +1.000000e+00 +7.944761e+09 -4.216650e-02 +0.000000e+00 -1.690870e-05 +0.000000e+00 -2.010304e-02 +0.000000e+00 -9.826813e-02 +0.000000e+00 -1.110687e-01 +0.000000e+00 -8.281039e-02 +0.000000e+00 -8.682219e-02 +0.000000e+00 -3.517654e-01 +0.000000e+00 +0.000000e+00 +0.000000e+00 +0.000000e+00 +1.652017e+09 +0.000000e+00 +0.000000e+00 +0.000000e+00 +1.206618e+08 +0.000000e+00 +0.000000e+00 +0.000000e+00 -2.998051e+08 -7.945791e-04 +0.000000e+00 -4.691847e-03 +0.000000e+00 +1.120551e-03 +0.000000e+00 -2.155492e-02 +0.000000e+00 +1.954560e-02 +0.000000e+00 -5.185357e-02 +0.000000e+00 +2.444437e-02 +0.000000e+00 -9.481441e-02 +0.000000e+00 +0.000000e+00 +0.000000e+00 +0.000000e+00 +9.614645e+07 +0.000000e+00 +0.000000e+00 +0.000000e+00 -6.151150e+07 +0.000000e+00 +0.000000e+00 +0.000000e+00 -3.478737e+08 +4.115585e-03 +0.000000e+00 +1.270758e-03 +0.000000e+00 +1.711503e-03 +0.000000e+00 +1.023566e-02 +0.000000e+00 +1.569488e-02 +0.000000e+00 -2.155371e-02 +0.000000e+00 +1.841843e-02 +0.000000e+00 -2.714457e-02 +0.000000e+00 +0.000000e+00 +0.000000e+00 +0.000000e+00 -1.176397e+08 
+0.000000e+00 +0.000000e+00 +0.000000e+00 +0.000000e+00 +0.000000e+00 +0.000000e+00 +0.000000e+00 +0.000000e+00 +0.000000e+00 +0.000000e+00 +0.000000e+00 +0.000000e+00 +0.000000e+00 +0.000000e+00 +0.000000e+00 +0.000000e+00 +0.000000e+00 +0.000000e+00 +0.000000e+00 +0.000000e+00 +0.000000e+00 +0.000000e+00 +0.000000e+00 +0.000000e+00 +0.000000e+00 +0.000000e+00 +0.000000e+00 +0.000000e+00 +0.000000e+00 +0.000000e+00 +0.000000e+00 +0.000000e+00 +0.000000e+00 +0.000000e+00 +0.000000e+00 +0.000000e+00 +0.000000e+00 +0.000000e+00 +0.000000e+00 +0.000000e+00 +0.000000e+00 +0.000000e+00 +0.000000e+00 +0.000000e+00 +0.000000e+00 +0.000000e+00 +0.000000e+00 +0.000000e+00 +0.000000e+00 +0.000000e+00 +0.000000e+00 +0.000000e+00 +0.000000e+00 +0.000000e+00 +0.000000e+00 +0.000000e+00 +0.000000e+00 +0.000000e+00 +0.000000e+00 +2.059188e-01 +0.000000e+00 +0.000000e+00 +0.000000e+00 +8.192397e-02 +4.628734e-11 +0.000000e+00 +1.326331e-14 +1.000000e+00 -4.168418e-12 +0.000000e+00 -1.803444e-11 +0.000000e+00 -2.508671e-12 +0.000000e+00 -1.167250e-12 +0.000000e+00 -4.458729e-12 +0.000000e+00 -1.979189e-12 +0.000000e+00 +0.000000e+00 +0.000000e+00 +0.000000e+00 +2.123436e-01 +0.000000e+00 +0.000000e+00 +0.000000e+00 +4.366940e-02 +0.000000e+00 +0.000000e+00 +0.000000e+00 +3.836503e-02 -4.233501e-12 +0.000000e+00 +4.743880e-12 +0.000000e+00 -6.312942e-13 +0.000000e+00 -4.466610e-12 +0.000000e+00 -1.000054e-12 +0.000000e+00 -1.031330e-12 +0.000000e+00 -2.000176e-12 +0.000000e+00 +1.806890e-13 +0.000000e+00 +0.000000e+00 +0.000000e+00 +0.000000e+00 +4.470539e-02 +0.000000e+00 +0.000000e+00 +0.000000e+00 +1.621084e-02 +0.000000e+00 +0.000000e+00 +0.000000e+00 +1.205662e-02 -2.427609e-12 +0.000000e+00 +5.414104e-12 +0.000000e+00 -2.899445e-13 +0.000000e+00 -1.701087e-12 +0.000000e+00 -2.740999e-13 +0.000000e+00 -4.463179e-13 +0.000000e+00 -6.859331e-13 +0.000000e+00 +4.918560e-13 +0.000000e+00 +0.000000e+00 +0.000000e+00 +0.000000e+00 +1.479449e-02 
+0.000000e+00 +0.000000e+00 +0.000000e+00 +0.000000e+00 +0.000000e+00 +0.000000e+00 +0.000000e+00 +0.000000e+00 +0.000000e+00 +0.000000e+00 +0.000000e+00 +0.000000e+00 +0.000000e+00 +0.000000e+00 +0.000000e+00 +0.000000e+00 +0.000000e+00 +0.000000e+00 +0.000000e+00 +0.000000e+00 +0.000000e+00 +0.000000e+00 +0.000000e+00 +0.000000e+00 +0.000000e+00 +0.000000e+00 +0.000000e+00 +0.000000e+00 +0.000000e+00 +0.000000e+00 +0.000000e+00 +0.000000e+00 +0.000000e+00 +0.000000e+00 +0.000000e+00 +0.000000e+00 +0.000000e+00 +0.000000e+00 +0.000000e+00 +0.000000e+00 +0.000000e+00 +0.000000e+00 +0.000000e+00 +0.000000e+00 +0.000000e+00 +0.000000e+00 +0.000000e+00 +0.000000e+00 +0.000000e+00 +0.000000e+00 +0.000000e+00 +0.000000e+00 +0.000000e+00 +0.000000e+00 +0.000000e+00 +0.000000e+00 +0.000000e+00 +0.000000e+00 +0.000000e+00 +4.972097e-01 +0.000000e+00 +0.000000e+00 +0.000000e+00 +1.517208e-01 -1.623983e-11 +0.000000e+00 -7.590678e-15 +0.000000e+00 +2.098222e-11 +0.000000e+00 +4.507738e-11 +1.000000e+00 -4.810998e-12 +0.000000e+00 -2.165175e-12 +0.000000e+00 -8.097608e-12 +0.000000e+00 -3.880689e-12 +0.000000e+00 +0.000000e+00 +0.000000e+00 +0.000000e+00 +3.243707e-01 +0.000000e+00 +0.000000e+00 +0.000000e+00 +9.329872e-02 +0.000000e+00 +0.000000e+00 +0.000000e+00 +7.967265e-02 -1.953413e-12 +0.000000e+00 -4.131049e-12 +0.000000e+00 -3.394596e-12 +0.000000e+00 +6.754209e-13 +0.000000e+00 -2.162349e-12 +0.000000e+00 -1.967483e-12 +0.000000e+00 -4.127969e-12 +0.000000e+00 +1.160355e-13 +0.000000e+00 +0.000000e+00 +0.000000e+00 +0.000000e+00 +9.340502e-02 +0.000000e+00 +0.000000e+00 +0.000000e+00 +9.757565e-03 +0.000000e+00 +0.000000e+00 +0.000000e+00 +1.465632e-02 +1.368544e-12 +0.000000e+00 -5.060448e-12 +0.000000e+00 -6.764801e-13 +0.000000e+00 +3.980124e-12 +0.000000e+00 -2.760989e-13 +0.000000e+00 -2.917959e-13 +0.000000e+00 -7.615105e-13 +0.000000e+00 +1.256980e-12 +0.000000e+00 +0.000000e+00 +0.000000e+00 +0.000000e+00 +8.642392e-03 
+0.000000e+00 +0.000000e+00 +0.000000e+00 +0.000000e+00 +0.000000e+00 +0.000000e+00 +0.000000e+00 +0.000000e+00 +0.000000e+00 +0.000000e+00 +0.000000e+00 +0.000000e+00 +0.000000e+00 +0.000000e+00 +0.000000e+00 +0.000000e+00 +0.000000e+00 +0.000000e+00 +0.000000e+00 +0.000000e+00 +0.000000e+00 +0.000000e+00 +0.000000e+00 +0.000000e+00 +0.000000e+00 +0.000000e+00 +0.000000e+00 +0.000000e+00 +0.000000e+00 +0.000000e+00 +0.000000e+00 +0.000000e+00 +0.000000e+00 +0.000000e+00 +0.000000e+00 +0.000000e+00 +0.000000e+00 +0.000000e+00 +0.000000e+00 +0.000000e+00 +0.000000e+00 +0.000000e+00 +0.000000e+00 +0.000000e+00 +0.000000e+00 +0.000000e+00 +0.000000e+00 +0.000000e+00 +0.000000e+00 +0.000000e+00 +0.000000e+00 +0.000000e+00 +0.000000e+00 +0.000000e+00 +0.000000e+00 +0.000000e+00 +0.000000e+00 +0.000000e+00 +0.000000e+00 +8.084013e-02 +0.000000e+00 +0.000000e+00 +0.000000e+00 +2.719290e-01 -2.949594e-12 +0.000000e+00 -1.223001e-15 +0.000000e+00 -1.449822e-12 +0.000000e+00 -7.077940e-12 +0.000000e+00 +3.750689e-11 +0.000000e+00 +1.016228e-11 +1.000000e+00 -6.384943e-12 +0.000000e+00 -1.447545e-11 +0.000000e+00 +0.000000e+00 +0.000000e+00 +0.000000e+00 +1.084943e-01 +0.000000e+00 +0.000000e+00 +0.000000e+00 +2.338317e-02 +0.000000e+00 +0.000000e+00 +0.000000e+00 +4.969616e-02 -5.947154e-13 +0.000000e+00 -5.495176e-13 +0.000000e+00 -1.575660e-13 +0.000000e+00 -3.394038e-12 +0.000000e+00 -3.261373e-12 +0.000000e+00 +4.331608e-12 +0.000000e+00 -7.276855e-13 +0.000000e+00 -5.258303e-12 +0.000000e+00 +0.000000e+00 +0.000000e+00 +0.000000e+00 +2.775196e-02 +0.000000e+00 +0.000000e+00 +0.000000e+00 +2.189106e-03 +0.000000e+00 +0.000000e+00 +0.000000e+00 +8.874996e-03 +1.441788e-13 +0.000000e+00 -2.810862e-13 +0.000000e+00 +4.888978e-14 +0.000000e+00 -3.973762e-13 +0.000000e+00 -9.232397e-13 +0.000000e+00 +3.139271e-12 +0.000000e+00 +2.171550e-13 +0.000000e+00 -1.963245e-12 +0.000000e+00 +0.000000e+00 +0.000000e+00 +0.000000e+00 +5.656007e-04 
+0.000000e+00 +0.000000e+00 +0.000000e+00 +0.000000e+00 +0.000000e+00 +0.000000e+00 +0.000000e+00 +0.000000e+00 +0.000000e+00 +0.000000e+00 +0.000000e+00 +0.000000e+00 +0.000000e+00 +0.000000e+00 +0.000000e+00 +0.000000e+00 +0.000000e+00 +0.000000e+00 +0.000000e+00 +0.000000e+00 +0.000000e+00 +0.000000e+00 +0.000000e+00 +0.000000e+00 +0.000000e+00 +0.000000e+00 +0.000000e+00 +0.000000e+00 +0.000000e+00 +0.000000e+00 +0.000000e+00 +0.000000e+00 +0.000000e+00 +0.000000e+00 +0.000000e+00 +0.000000e+00 +0.000000e+00 +0.000000e+00 +0.000000e+00 +0.000000e+00 +0.000000e+00 +0.000000e+00 +0.000000e+00 +0.000000e+00 +0.000000e+00 +0.000000e+00 +0.000000e+00 +0.000000e+00 +0.000000e+00 +0.000000e+00 +0.000000e+00 +0.000000e+00 +0.000000e+00 +0.000000e+00 +0.000000e+00 +0.000000e+00 +0.000000e+00 +0.000000e+00 +0.000000e+00 +1.570857e-01 +0.000000e+00 +0.000000e+00 +0.000000e+00 +4.376607e-01 -6.030888e-12 +0.000000e+00 -2.371315e-15 +0.000000e+00 -2.827381e-12 +0.000000e+00 -1.377312e-11 +0.000000e+00 -1.035175e-11 +0.000000e+00 -6.229463e-12 +0.000000e+00 +4.422930e-11 +0.000000e+00 +1.995360e-11 +1.000000e+00 +0.000000e+00 +0.000000e+00 +0.000000e+00 +2.487343e-01 +0.000000e+00 +0.000000e+00 +0.000000e+00 +3.659566e-02 +0.000000e+00 +0.000000e+00 +0.000000e+00 +6.437809e-02 -8.577507e-13 +0.000000e+00 -8.485938e-13 +0.000000e+00 -1.732200e-13 +0.000000e+00 -5.553355e-12 +0.000000e+00 -4.833966e-13 +0.000000e+00 -4.238687e-12 +0.000000e+00 -2.194464e-12 +0.000000e+00 -1.239443e-12 +0.000000e+00 +0.000000e+00 +0.000000e+00 +0.000000e+00 +4.290362e-02 +0.000000e+00 +0.000000e+00 +0.000000e+00 +1.701055e-03 +0.000000e+00 +0.000000e+00 +0.000000e+00 +5.495299e-03 +2.615307e-13 +0.000000e+00 -7.977614e-14 +0.000000e+00 +1.291902e-13 +0.000000e+00 -4.657105e-13 +0.000000e+00 +5.574672e-13 +0.000000e+00 -1.655453e-12 +0.000000e+00 -1.076032e-13 +0.000000e+00 +1.351197e-12 +0.000000e+00 +0.000000e+00 +0.000000e+00 +0.000000e+00 -2.047690e-03 
+0.000000e+00 +0.000000e+00 +0.000000e+00 +0.000000e+00 +0.000000e+00 +0.000000e+00 +0.000000e+00 +0.000000e+00 +0.000000e+00 +0.000000e+00 +0.000000e+00 +0.000000e+00 +0.000000e+00 +0.000000e+00 +0.000000e+00 +0.000000e+00 +0.000000e+00 +0.000000e+00 +0.000000e+00 +0.000000e+00 +0.000000e+00 +0.000000e+00 +0.000000e+00 +0.000000e+00 +0.000000e+00 +0.000000e+00 +0.000000e+00 +0.000000e+00 +0.000000e+00 +0.000000e+00 +0.000000e+00 +0.000000e+00 +0.000000e+00 +0.000000e+00 +0.000000e+00 +0.000000e+00 +0.000000e+00 +0.000000e+00 +0.000000e+00 +0.000000e+00 +0.000000e+00 +0.000000e+00 +0.000000e+00 +0.000000e+00 +0.000000e+00 +0.000000e+00 +0.000000e+00 +0.000000e+00 +0.000000e+00 +0.000000e+00 +0.000000e+00 +0.000000e+00 +0.000000e+00 +0.000000e+00 +0.000000e+00 +0.000000e+00 +0.000000e+00 +0.000000e+00 +0.000000e+00 +3.047046e+09 +0.000000e+00 +0.000000e+00 +0.000000e+00 +2.261273e+09 -1.426537e-01 +0.000000e+00 -4.394336e-05 +0.000000e+00 -5.582952e-02 +0.000000e+00 -2.682442e-01 +0.000000e+00 -6.403284e-02 +0.000000e+00 -3.204108e-02 +0.000000e+00 -1.279412e-01 +0.000000e+00 -4.883968e-02 +0.000000e+00 +1.000000e+00 +0.000000e+00 +0.000000e+00 +2.023557e+10 +0.000000e+00 +0.000000e+00 +0.000000e+00 +5.592943e+08 +0.000000e+00 +0.000000e+00 +0.000000e+00 +7.269342e+08 -1.352033e-02 +0.000000e+00 -3.568623e-03 +0.000000e+00 -1.930559e-03 +0.000000e+00 -8.877082e-02 +0.000000e+00 -1.592741e-02 +0.000000e+00 -2.363974e-02 +0.000000e+00 -3.769903e-02 +0.000000e+00 +1.686438e-02 +0.000000e+00 +0.000000e+00 +0.000000e+00 +0.000000e+00 +6.523808e+08 +0.000000e+00 +0.000000e+00 +0.000000e+00 +9.797595e+07 +0.000000e+00 +0.000000e+00 +0.000000e+00 +1.320542e+08 -4.662397e-03 +0.000000e+00 +2.592953e-02 +0.000000e+00 +1.434637e-03 +0.000000e+00 -2.445814e-02 +0.000000e+00 -8.127939e-04 +0.000000e+00 -7.154229e-03 +0.000000e+00 -7.203715e-03 +0.000000e+00 +1.825732e-02 +0.000000e+00 +0.000000e+00 +0.000000e+00 +0.000000e+00 +6.137325e+07 

STEP  4
+0.000000e+00 +0.000000e+00 +0.000000e+00 +0.000000e+00 +0.000000e+00 +0.000000e+00 +0.000000e+00 +0.000000e+00 +0.000000e+00 +0.000000e+00 +0.000000e+00 +0.000000e+00 +0.000000e+00 +0.000000e+00 +0.000000e+00 +0.000000e+00 +0.000000e+00 +0.000000e+00 +0.000000e+00 +0.000000e+00 +0.000000e+00 +0.000000e+00 +0.000000e+00 +0.000000e+00 +0.000000e+00 +0.000000e+00 +0.000000e+00 +0.000000e+00 +0.000000e+00 +0.000000e+00 +0.000000e+00 +0.000000e+00 +0.000000e+00 +0.000000e+00 +0.000000e+00 +0.000000e+00 +0.000000e+00 +0.000000e+00 +0.000000e+00 +0.000000e+00 +0.000000e+00 +0.000000e+00 +0.000000e+00 +0.000000e+00 +0.000000e+00 +0.000000e+00 +0.000000e+00 +0.000000e+00 +0.000000e+00 +0.000000e+00 +0.000000e+00 +0.000000e+00 +0.000000e+00 +0.000000e+00 +0.000000e+00 +0.000000e+00 +0.000000e+00 +0.000000e+00 +0.000000e+00 +0.000000e+00 +0.000000e+00 +0.000000e+00 +0.000000e+00 +0.000000e+00 +0.000000e+00 +0.000000e+00 +0.000000e+00 +0.000000e+00 +0.000000e+00 +0.000000e+00 +0.000000e+00 +0.000000e+00 +0.000000e+00 +0.000000e+00 +0.000000e+00 +0.000000e+00 +0.000000e+00 +0.000000e+00 +0.000000e+00 +0.000000e+00 +0.000000e+00 +0.000000e+00 +0.000000e+00 +0.000000e+00 +0.000000e+00 +0.000000e+00 +1.000000e+00 +4.482068e+09 +0.000000e+00 +0.000000e+00 +0.000000e+00 +1.282091e+09 -1.105225e-01 +0.000000e+00 -4.366827e-02 +0.000000e+00 -5.975542e-02 +0.000000e+00 -4.759760e-01 +0.000000e+00 -4.141744e-02 +0.000000e+00 -3.907320e-02 +0.000000e+00 -7.420368e-02 +0.000000e+00 -4.435374e-02 +0.000000e+00 +0.000000e+00 +0.000000e+00 +0.000000e+00 +2.517404e+09 +0.000000e+00 +0.000000e+00 +0.000000e+00 -1.125273e+08 +0.000000e+00 +0.000000e+00 +0.000000e+00 +2.584574e+08 +1.491513e-02 +0.000000e+00 -4.563832e-02 +0.000000e+00 +1.361275e-02 +0.000000e+00 -6.711049e-02 +0.000000e+00 -7.022613e-03 +0.000000e+00 -3.012167e-03 +0.000000e+00 -1.528236e-02 +0.000000e+00 +2.474993e-02 +0.000000e+00 +0.000000e+00 +0.000000e+00 +0.000000e+00 +9.868793e+07 
+0.000000e+00 +0.000000e+00 +0.000000e+00 +0.000000e+00 +0.000000e+00 +0.000000e+00 +0.000000e+00 +0.000000e+00 +0.000000e+00 +0.000000e+00 +0.000000e+00 +0.000000e+00 +0.000000e+00 +0.000000e+00 +0.000000e+00 +0.000000e+00 +0.000000e+00 +0.000000e+00 +0.000000e+00 +0.000000e+00 +0.000000e+00 +0.000000e+00 +0.000000e+00 +0.000000e+00 +0.000000e+00 +0.000000e+00 +0.000000e+00 +0.000000e+00 +0.000000e+00 +0.000000e+00 +0.000000e+00 +0.000000e+00 +0.000000e+00 +0.000000e+00 +0.000000e+00 +0.000000e+00 +0.000000e+00 +0.000000e+00 +0.000000e+00 +0.000000e+00 +0.000000e+00 +0.000000e+00 +0.000000e+00 +0.000000e+00 +0.000000e+00 +0.000000e+00 +0.000000e+00 +0.000000e+00 +0.000000e+00 +0.000000e+00 +0.000000e+00 +0.000000e+00 +0.000000e+00 +0.000000e+00 +0.000000e+00 +0.000000e+00 +0.000000e+00 +0.000000e+00 +0.000000e+00 +0.000000e+00 +0.000000e+00 +0.000000e+00 +0.000000e+00 +0.000000e+00 +0.000000e+00 +0.000000e+00 +0.000000e+00 +0.000000e+00 +0.000000e+00 +0.000000e+00 +0.000000e+00 +0.000000e+00 +0.000000e+00 +0.000000e+00 +0.000000e+00 +0.000000e+00 +0.000000e+00 +0.000000e+00 +0.000000e+00 +0.000000e+00 +0.000000e+00 +0.000000e+00 +0.000000e+00 +0.000000e+00 +0.000000e+00 +0.000000e+00 +0.000000e+00 +9.259145e+08 +0.000000e+00 +0.000000e+00 +1.000000e+00 +6.234200e+09 -3.445744e-02 +0.000000e+00 -1.160432e-02 +0.000000e+00 -1.561238e-02 +0.000000e+00 -1.183341e-01 +0.000000e+00 -8.838326e-02 +0.000000e+00 -1.429784e-01 +0.000000e+00 -7.429066e-02 +0.000000e+00 -4.282336e-01 +0.000000e+00 +0.000000e+00 +0.000000e+00 +0.000000e+00 +1.367869e+09 +0.000000e+00 +0.000000e+00 +0.000000e+00 -1.496763e+07 +0.000000e+00 +0.000000e+00 +0.000000e+00 -4.763337e+08 +4.289962e-03 +0.000000e+00 -2.293462e-03 +0.000000e+00 +2.694544e-03 +0.000000e+00 -2.265574e-03 +0.000000e+00 +2.301822e-02 +0.000000e+00 -4.571825e-02 +0.000000e+00 +3.259806e-02 +0.000000e+00 -8.493135e-02 +0.000000e+00 +0.000000e+00 +0.000000e+00 +0.000000e+00 -7.547131e+07 
+0.000000e+00 +0.000000e+00 +0.000000e+00 +0.000000e+00 +0.000000e+00 +0.000000e+00 +0.000000e+00 +0.000000e+00 +0.000000e+00 +0.000000e+00 +0.000000e+00 +0.000000e+00 +0.000000e+00 +0.000000e+00 +0.000000e+00 +0.000000e+00 +0.000000e+00 +0.000000e+00 +0.000000e+00 +0.000000e+00 +0.000000e+00 +0.000000e+00 +0.000000e+00 +0.000000e+00 +0.000000e+00 +0.000000e+00 +0.000000e+00 +0.000000e+00 +0.000000e+00 +0.000000e+00 +0.000000e+00 +0.000000e+00 +0.000000e+00 +0.000000e+00 +0.000000e+00 +0.000000e+00 +0.000000e+00 +0.000000e+00 +0.000000e+00 +0.000000e+00 +0.000000e+00 +0.000000e+00 +0.000000e+00 +0.000000e+00 +0.000000e+00 +0.000000e+00 +0.000000e+00 +0.000000e+00 +0.000000e+00 +0.000000e+00 +0.000000e+00 +0.000000e+00 +0.000000e+00 +0.000000e+00 +0.000000e+00 +0.000000e+00 +0.000000e+00 +0.000000e+00 +0.000000e+00 +0.000000e+00 +0.000000e+00 +0.000000e+00 +0.000000e+00 +0.000000e+00 +0.000000e+00 +0.000000e+00 +0.000000e+00 +0.000000e+00 +0.000000e+00 +0.000000e+00 +0.000000e+00 +0.000000e+00 +0.000000e+00 +0.000000e+00 +0.000000e+00 +0.000000e+00 +0.000000e+00 +0.000000e+00 +0.000000e+00 +0.000000e+00 +0.000000e+00 +0.000000e+00 +0.000000e+00 +0.000000e+00 +0.000000e+00 +0.000000e+00 +0.000000e+00 +2.044817e-01 +0.000000e+00 +0.000000e+00 +0.000000e+00 +8.776750e-02 +4.129164e-11 +0.000000e+00 +1.049695e-11 +1.000000e+00 -3.967051e-12 +0.000000e+00 -2.664697e-11 +0.000000e+00 -2.761622e-12 +0.000000e+00 -2.754769e-12 +0.000000e+00 -5.203776e-12 +0.000000e+00 -3.088565e-12 +0.000000e+00 +0.000000e+00 +0.000000e+00 +0.000000e+00 +2.125386e-01 +0.000000e+00 +0.000000e+00 +0.000000e+00 +4.636719e-02 +0.000000e+00 +0.000000e+00 +0.000000e+00 +3.790302e-02 -5.725147e-12 +0.000000e+00 +1.004715e-11 +0.000000e+00 -7.116958e-13 +0.000000e+00 -5.963578e-12 +0.000000e+00 -1.097669e-12 +0.000000e+00 -1.337979e-12 +0.000000e+00 -2.332967e-12 +0.000000e+00 +1.068652e-12 +0.000000e+00 +0.000000e+00 +0.000000e+00 +0.000000e+00 +4.820542e-02 
+0.000000e+00 +0.000000e+00 +0.000000e+00 +0.000000e+00 +0.000000e+00 +0.000000e+00 +0.000000e+00 +0.000000e+00 +0.000000e+00 +0.000000e+00 +0.000000e+00 +0.000000e+00 +0.000000e+00 +0.000000e+00 +0.000000e+00 +0.000000e+00 +0.000000e+00 +0.000000e+00 +0.000000e+00 +0.000000e+00 +0.000000e+00 +0.000000e+00 +0.000000e+00 +0.000000e+00 +0.000000e+00 +0.000000e+00 +0.000000e+00 +0.000000e+00 +0.000000e+00 +0.000000e+00 +0.000000e+00 +0.000000e+00 +0.000000e+00 +0.000000e+00 +0.000000e+00 +0.000000e+00 +0.000000e+00 +0.000000e+00 +0.000000e+00 +0.000000e+00 +0.000000e+00 +0.000000e+00 +0.000000e+00 +0.000000e+00 +0.000000e+00 +0.000000e+00 +0.000000e+00 +0.000000e+00 +0.000000e+00 +0.000000e+00 +0.000000e+00 +0.000000e+00 +0.000000e+00 +0.000000e+00 +0.000000e+00 +0.000000e+00 +0.000000e+00 +0.000000e+00 +0.000000e+00 +0.000000e+00 +0.000000e+00 +0.000000e+00 +0.000000e+00 +0.000000e+00 +0.000000e+00 +0.000000e+00 +0.000000e+00 +0.000000e+00 +0.000000e+00 +0.000000e+00 +0.000000e+00 +0.000000e+00 +0.000000e+00 +0.000000e+00 +0.000000e+00 +0.000000e+00 +0.000000e+00 +0.000000e+00 +0.000000e+00 +0.000000e+00 +0.000000e+00 +0.000000e+00 +0.000000e+00 +0.000000e+00 +0.000000e+00 +0.000000e+00 +0.000000e+00 +5.500926e-01 +0.000000e+00 +0.000000e+00 +0.000000e+00 +1.920973e-01 -1.833536e-11 +0.000000e+00 -7.259175e-12 +0.000000e+00 +1.577434e-11 +0.000000e+00 +5.943839e-11 +1.000000e+00 -6.206421e-12 +0.000000e+00 -5.989367e-12 +0.000000e+00 -1.117612e-11 +0.000000e+00 -6.997723e-12 +0.000000e+00 +0.000000e+00 +0.000000e+00 +0.000000e+00 +3.907704e-01 +0.000000e+00 +0.000000e+00 +0.000000e+00 +5.748228e-02 +0.000000e+00 +0.000000e+00 +0.000000e+00 +6.563761e-02 +6.067297e-13 +0.000000e+00 -9.433148e-12 +0.000000e+00 -2.345005e-12 +0.000000e+00 +1.356204e-12 +0.000000e+00 -1.918556e-12 +0.000000e+00 -1.723716e-12 +0.000000e+00 -3.960936e-12 +0.000000e+00 +2.979517e-12 +0.000000e+00 +0.000000e+00 +0.000000e+00 +0.000000e+00 +6.226702e-02 
+0.000000e+00 +0.000000e+00 +0.000000e+00 +0.000000e+00 +0.000000e+00 +0.000000e+00 +0.000000e+00 +0.000000e+00 +0.000000e+00 +0.000000e+00 +0.000000e+00 +0.000000e+00 +0.000000e+00 +0.000000e+00 +0.000000e+00 +0.000000e+00 +0.000000e+00 +0.000000e+00 +0.000000e+00 +0.000000e+00 +0.000000e+00 +0.000000e+00 +0.000000e+00 +0.000000e+00 +0.000000e+00 +0.000000e+00 +0.000000e+00 +0.000000e+00 +0.000000e+00 +0.000000e+00 +0.000000e+00 +0.000000e+00 +0.000000e+00 +0.000000e+00 +0.000000e+00 +0.000000e+00 +0.000000e+00 +0.000000e+00 +0.000000e+00 +0.000000e+00 +0.000000e+00 +0.000000e+00 +0.000000e+00 +0.000000e+00 +0.000000e+00 +0.000000e+00 +0.000000e+00 +0.000000e+00 +0.000000e+00 +0.000000e+00 +0.000000e+00 +0.000000e+00 +0.000000e+00 +0.000000e+00 +0.000000e+00 +0.000000e+00 +0.000000e+00 +0.000000e+00 +0.000000e+00 +0.000000e+00 +0.000000e+00 +0.000000e+00 +0.000000e+00 +0.000000e+00 +0.000000e+00 +0.000000e+00 +0.000000e+00 +0.000000e+00 +0.000000e+00 +0.000000e+00 +0.000000e+00 +0.000000e+00 +0.000000e+00 +0.000000e+00 +0.000000e+00 +0.000000e+00 +0.000000e+00 +0.000000e+00 +0.000000e+00 +0.000000e+00 +0.000000e+00 +0.000000e+00 +0.000000e+00 +0.000000e+00 +0.000000e+00 +0.000000e+00 +0.000000e+00 +8.498918e-02 +0.000000e+00 +0.000000e+00 +0.000000e+00 +2.756018e-01 -3.099416e-12 +0.000000e+00 -1.083481e-12 +0.000000e+00 -1.439617e-12 +0.000000e+00 -1.089914e-11 +0.000000e+00 +3.250258e-11 +0.000000e+00 +2.296719e-11 +1.000000e+00 -7.115834e-12 +0.000000e+00 -2.392586e-11 +0.000000e+00 +0.000000e+00 +0.000000e+00 +0.000000e+00 +1.160181e-01 +0.000000e+00 +0.000000e+00 +0.000000e+00 +1.305366e-02 +0.000000e+00 +0.000000e+00 +0.000000e+00 +2.941586e-02 -9.082925e-14 +0.000000e+00 -8.201794e-13 +0.000000e+00 +2.690779e-14 +0.000000e+00 -2.617718e-12 +0.000000e+00 -2.299286e-12 +0.000000e+00 +4.396088e-12 +0.000000e+00 +1.009262e-13 +0.000000e+00 -5.953670e-12 +0.000000e+00 +0.000000e+00 +0.000000e+00 +0.000000e+00 +1.390171e-02 
+0.000000e+00 +0.000000e+00 +0.000000e+00 +0.000000e+00 +0.000000e+00 +0.000000e+00 +0.000000e+00 +0.000000e+00 +0.000000e+00 +0.000000e+00 +0.000000e+00 +0.000000e+00 +0.000000e+00 +0.000000e+00 +0.000000e+00 +0.000000e+00 +0.000000e+00 +0.000000e+00 +0.000000e+00 +0.000000e+00 +0.000000e+00 +0.000000e+00 +0.000000e+00 +0.000000e+00 +0.000000e+00 +0.000000e+00 +0.000000e+00 +0.000000e+00 +0.000000e+00 +0.000000e+00 +0.000000e+00 +0.000000e+00 +0.000000e+00 +0.000000e+00 +0.000000e+00 +0.000000e+00 +0.000000e+00 +0.000000e+00 +0.000000e+00 +0.000000e+00 +0.000000e+00 +0.000000e+00 +0.000000e+00 +0.000000e+00 +0.000000e+00 +0.000000e+00 +0.000000e+00 +0.000000e+00 +0.000000e+00 +0.000000e+00 +0.000000e+00 +0.000000e+00 +0.000000e+00 +0.000000e+00 +0.000000e+00 +0.000000e+00 +0.000000e+00 +0.000000e+00 +0.000000e+00 +0.000000e+00 +0.000000e+00 +0.000000e+00 +0.000000e+00 +0.000000e+00 +0.000000e+00 +0.000000e+00 +0.000000e+00 +0.000000e+00 +0.000000e+00 +0.000000e+00 +0.000000e+00 +0.000000e+00 +0.000000e+00 +0.000000e+00 +0.000000e+00 +0.000000e+00 +0.000000e+00 +0.000000e+00 +0.000000e+00 +0.000000e+00 +0.000000e+00 +0.000000e+00 +0.000000e+00 +0.000000e+00 +0.000000e+00 +0.000000e+00 +0.000000e+00 +1.664523e-01 +0.000000e+00 +0.000000e+00 +0.000000e+00 +4.516879e-01 -6.324937e-12 +0.000000e+00 -2.113974e-12 +0.000000e+00 -2.830626e-12 +0.000000e+00 -2.137009e-11 +0.000000e+00 -1.112286e-11 +0.000000e+00 -1.460848e-11 +0.000000e+00 +3.983037e-11 +0.000000e+00 +3.157325e-11 +1.000000e+00 +0.000000e+00 +0.000000e+00 +0.000000e+00 +2.629352e-01 +0.000000e+00 +0.000000e+00 +0.000000e+00 +1.778207e-02 +0.000000e+00 +0.000000e+00 +0.000000e+00 +2.810701e-02 +3.581458e-14 +0.000000e+00 -9.436065e-13 +0.000000e+00 +1.660924e-13 +0.000000e+00 -3.903898e-12 +0.000000e+00 +4.933766e-13 +0.000000e+00 -4.298278e-12 +0.000000e+00 -4.589697e-13 +0.000000e+00 -2.895398e-12 +0.000000e+00 +0.000000e+00 +0.000000e+00 +0.000000e+00 +1.661562e-02 
+0.000000e+00 +0.000000e+00 +0.000000e+00 +0.000000e+00 +0.000000e+00 +0.000000e+00 +0.000000e+00 +0.000000e+00 +0.000000e+00 +0.000000e+00 +0.000000e+00 +0.000000e+00 +0.000000e+00 +0.000000e+00 +0.000000e+00 +0.000000e+00 +0.000000e+00 +0.000000e+00 +0.000000e+00 +0.000000e+00 +0.000000e+00 +0.000000e+00 +0.000000e+00 +0.000000e+00 +0.000000e+00 +0.000000e+00 +0.000000e+00 +0.000000e+00 +0.000000e+00 +0.000000e+00 +0.000000e+00 +0.000000e+00 +0.000000e+00 +0.000000e+00 +0.000000e+00 +0.000000e+00 +0.000000e+00 +0.000000e+00 +0.000000e+00 +0.000000e+00 +0.000000e+00 +0.000000e+00 +0.000000e+00 +0.000000e+00 +0.000000e+00 +0.000000e+00 +0.000000e+00 +0.000000e+00 +0.000000e+00 +0.000000e+00 +0.000000e+00 +0.000000e+00 +0.000000e+00 +0.000000e+00 +0.000000e+00 +0.000000e+00 +0.000000e+00 +0.000000e+00 +0.000000e+00 +0.000000e+00 +0.000000e+00 +0.000000e+00 +0.000000e+00 +0.000000e+00 +0.000000e+00 +0.000000e+00 +0.000000e+00 +0.000000e+00 +0.000000e+00 +0.000000e+00 +0.000000e+00 +0.000000e+00 +0.000000e+00 +0.000000e+00 +0.000000e+00 +0.000000e+00 +0.000000e+00 +0.000000e+00 +0.000000e+00 +0.000000e+00 +0.000000e+00 +0.000000e+00 +0.000000e+00 +0.000000e+00 +0.000000e+00 +0.000000e+00 +0.000000e+00 +2.771420e+09 +0.000000e+00 +0.000000e+00 +0.000000e+00 +2.139899e+09 -1.263837e-01 +0.000000e+00 -3.390566e-02 +0.000000e+00 -4.826068e-02 +0.000000e+00 -3.580514e-01 +0.000000e+00 -6.253177e-02 +0.000000e+00 -6.714167e-02 +0.000000e+00 -1.322423e-01 +0.000000e+00 -6.621467e-02 +0.000000e+00 +1.000000e+00 +0.000000e+00 +0.000000e+00 +1.832398e+10 +0.000000e+00 +0.000000e+00 +0.000000e+00 +4.109216e+08 +0.000000e+00 +0.000000e+00 +0.000000e+00 +5.523184e+08 -9.281263e-03 +0.000000e+00 +1.760612e-02 +0.000000e+00 +8.713876e-05 +0.000000e+00 -8.392198e-02 +0.000000e+00 -1.303106e-02 +0.000000e+00 -2.329228e-02 +0.000000e+00 -3.501968e-02 +0.000000e+00 +4.177055e-02 +0.000000e+00 +0.000000e+00 +0.000000e+00 +0.000000e+00 +4.674572e+08 

STEP  5
+0.000000e+00 +0.000000e+00 +0.000000e+00 +0.000000e+00 +0.000000e+00 +0.000000e+00 +0.000000e+00 +0.000000e+00 +0.000000e+00 +0.000000e+00 +0.000000e+00 +0.000000e+00 +0.000000e+00 +0.000000e+00 +0.000000e+00 +0.000000e+00 +0.000000e+00 +0.000000e+00 +0.000000e+00 +0.000000e+00 +0.000000e+00 +0.000000e+00 +0.000000e+00 +0.000000e+00 +0.000000e+00 +0.000000e+00 +0.000000e+00 +0.000000e+00 +0.000000e+00 +0.000000e+00 +0.000000e+00 +0.000000e+00 +0.000000e+00 +0.000000e+00 +0.000000e+00 +0.000000e+00 +0.000000e+00 +0.000000e+00 +0.000000e+00 +0.000000e+00 +0.000000e+00 +0.000000e+00 +0.000000e+00 +0.000000e+00 +0.000000e+00 +0.000000e+00 +0.000000e+00 +0.000000e+00 +0.000000e+00 +0.000000e+00 +0.000000e+00 +0.000000e+00 +0.000000e+00 +0.000000e+00 +0.000000e+00 +0.000000e+00 +0.000000e+00 +0.000000e+00 +0.000000e+00 +0.000000e+00 +0.000000e+00 +0.000000e+00 +0.000000e+00 +0.000000e+00 +0.000000e+00 +0.000000e+00 +0.000000e+00 +0.000000e+00 +0.000000e+00 +0.000000e+00 +0.000000e+00 +0.000000e+00 +0.000000e+00 +0.000000e+00 +0.000000e+00 +0.000000e+00 +0.000000e+00 +0.000000e+00 +0.000000e+00 +0.000000e+00 +0.000000e+00 +0.000000e+00 +0.000000e+00 +0.000000e+00 +0.000000e+00 +0.000000e+00 +0.000000e+00 +0.000000e+00 +0.000000e+00 +0.000000e+00 +0.000000e+00 +0.000000e+00 +0.000000e+00 +0.000000e+00 +0.000000e+00 +0.000000e+00 +0.000000e+00 +0.000000e+00 +0.000000e+00 +0.000000e+00 +0.000000e+00 +0.000000e+00 +0.000000e+00 +0.000000e+00 +0.000000e+00 +0.000000e+00 +0.000000e+00 +0.000000e+00 +0.000000e+00 +0.000000e+00 +0.000000e+00 +0.000000e+00 +0.000000e+00 +0.000000e+00 +1.000000e+00 +3.701070e+09 +0.000000e+00 +0.000000e+00 +0.000000e+00 +1.026196e+09 -8.470326e-02 +0.000000e+00 -9.622535e-02 +0.000000e+00 -4.624621e-02 +0.000000e+00 -4.984999e-01 +0.000000e+00 -3.343738e-02 +0.000000e+00 -5.302215e-02 +0.000000e+00 -6.348090e-02 +0.000000e+00 -4.918840e-02 +0.000000e+00 +0.000000e+00 +0.000000e+00 +0.000000e+00 +2.086382e+09 
+0.000000e+00 +0.000000e+00 +0.000000e+00 +0.000000e+00 +0.000000e+00 +0.000000e+00 +0.000000e+00 +0.000000e+00 +0.000000e+00 +0.000000e+00 +0.000000e+00 +0.000000e+00 +0.000000e+00 +0.000000e+00 +0.000000e+00 +0.000000e+00 +0.000000e+00 +0.000000e+00 +0.000000e+00 +0.000000e+00 +0.000000e+00 +0.000000e+00 +0.000000e+00 +0.000000e+00 +0.000000e+00 +0.000000e+00 +0.000000e+00 +0.000000e+00 +0.000000e+00 +0.000000e+00 +0.000000e+00 +0.000000e+00 +0.000000e+00 +0.000000e+00 +0.000000e+00 +0.000000e+00 +0.000000e+00 +0.000000e+00 +0.000000e+00 +0.000000e+00 +0.000000e+00 +0.000000e+00 +0.000000e+00 +0.000000e+00 +0.000000e+00 +0.000000e+00 +0.000000e+00 +0.000000e+00 +0.000000e+00 +0.000000e+00 +0.000000e+00 +0.000000e+00 +0.000000e+00 +0.000000e+00 +0.000000e+00 +0.000000e+00 +0.000000e+00 +0.000000e+00 +0.000000e+00 +0.000000e+00 +0.000000e+00 +0.000000e+00 +0.000000e+00 +0.000000e+00 +0.000000e+00 +0.000000e+00 +0.000000e+00 +0.000000e+00 +0.000000e+00 +0.000000e+00 +0.000000e+00 +0.000000e+00 +0.000000e+00 +0.000000e+00 +0.000000e+00 +0.000000e+00 +0.000000e+00 +0.000000e+00 +0.000000e+00 +0.000000e+00 +0.000000e+00 +0.000000e+00 +0.000000e+00 +0.000000e+00 +0.000000e+00 +0.000000e+00 +0.000000e+00 +0.000000e+00 +0.000000e+00 +0.000000e+00 +0.000000e+00 +0.000000e+00 +0.000000e+00 +0.000000e+00 +0.000000e+00 +0.000000e+00 +0.000000e+00 +0.000000e+00 +0.000000e+00 +0.000000e+00 +0.000000e+00 +0.000000e+00 +0.000000e+00 +0.000000e+00 +0.000000e+00 +0.000000e+00 +0.000000e+00 +0.000000e+00 +0.000000e+00 +0.000000e+00 +0.000000e+00 +0.000000e+00 +0.000000e+00 +0.000000e+00 +0.000000e+00 +6.992431e+08 +0.000000e+00 +0.000000e+00 +1.000000e+00 +5.030319e+09 -2.450970e-02 +0.000000e+00 -2.437143e-02 +0.000000e+00 -1.129142e-02 +0.000000e+00 -1.179291e-01 +0.000000e+00 -7.141013e-02 +0.000000e+00 -1.756289e-01 +0.000000e+00 -6.000920e-02 +0.000000e+00 -4.587156e-01 +0.000000e+00 +0.000000e+00 +0.000000e+00 +0.000000e+00 +1.038998e+09 
+0.000000e+00 +0.000000e+00 +0.000000e+00 +0.000000e+00 +0.000000e+00 +0.000000e+00 +0.000000e+00 +0.000000e+00 +0.000000e+00 +0.000000e+00 +0.000000e+00 +0.000000e+00 +0.000000e+00 +0.000000e+00 +0.000000e+00 +0.000000e+00 +0.000000e+00 +0.000000e+00 +0.000000e+00 +0.000000e+00 +0.000000e+00 +0.000000e+00 +0.000000e+00 +0.000000e+00 +0.000000e+00 +0.000000e+00 +0.000000e+00 +0.000000e+00 +0.000000e+00 +0.000000e+00 +0.000000e+00 +0.000000e+00 +0.000000e+00 +0.000000e+00 +0.000000e+00 +0.000000e+00 +0.000000e+00 +0.000000e+00 +0.000000e+00 +0.000000e+00 +0.000000e+00 +0.000000e+00 +0.000000e+00 +0.000000e+00 +0.000000e+00 +0.000000e+00 +0.000000e+00 +0.000000e+00 +0.000000e+00 +0.000000e+00 +0.000000e+00 +0.000000e+00 +0.000000e+00 +0.000000e+00 +0.000000e+00 +0.000000e+00 +0.000000e+00 +0.000000e+00 +0.000000e+00 +0.000000e+00 +0.000000e+00 +0.000000e+00 +0.000000e+00 +0.000000e+00 +0.000000e+00 +0.000000e+00 +0.000000e+00 +0.000000e+00 +0.000000e+00 +0.000000e+00 +0.000000e+00 +0.000000e+00 +0.000000e+00 +0.000000e+00 +0.000000e+00 +0.000000e+00 +0.000000e+00 +0.000000e+00 +0.000000e+00 +0.000000e+00 +0.000000e+00 +0.000000e+00 +0.000000e+00 +0.000000e+00 +0.000000e+00 +0.000000e+00 +0.000000e+00 +0.000000e+00 +0.000000e+00 +0.000000e+00 +0.000000e+00 +0.000000e+00 +0.000000e+00 +0.000000e+00 +0.000000e+00 +0.000000e+00 +0.000000e+00 +0.000000e+00 +0.000000e+00 +0.000000e+00 +0.000000e+00 +0.000000e+00 +0.000000e+00 +0.000000e+00 +0.000000e+00 +0.000000e+00 +0.000000e+00 +0.000000e+00 +0.000000e+00 +0.000000e+00 +0.000000e+00 +0.000000e+00 +0.000000e+00 +0.000000e+00 +0.000000e+00 +2.077188e-01 +0.000000e+00 +0.000000e+00 +0.000000e+00 +8.740164e-02 +3.562127e-11 +0.000000e+00 +2.885888e-11 +1.000000e+00 -3.853512e-12 +0.000000e+00 -3.716954e-11 +0.000000e+00 -2.782562e-12 +0.000000e+00 -4.627847e-12 +0.000000e+00 -5.513920e-12 +0.000000e+00 -4.306613e-12 +0.000000e+00 +0.000000e+00 +0.000000e+00 +0.000000e+00 +2.165616e-01 
+0.000000e+00 +0.000000e+00 +0.000000e+00 +0.000000e+00 +0.000000e+00 +0.000000e+00 +0.000000e+00 +0.000000e+00 +0.000000e+00 +0.000000e+00 +0.000000e+00 +0.000000e+00 +0.000000e+00 +0.000000e+00 +0.000000e+00 +0.000000e+00 +0.000000e+00 +0.000000e+00 +0.000000e+00 +0.000000e+00 +0.000000e+00 +0.000000e+00 +0.000000e+00 +0.000000e+00 +0.000000e+00 +0.000000e+00 +0.000000e+00 +0.000000e+00 +0.000000e+00 +0.000000e+00 +0.000000e+00 +0.000000e+00 +0.000000e+00 +0.000000e+00 +0.000000e+00 +0.000000e+00 +0.000000e+00 +0.000000e+00 +0.000000e+00 +0.000000e+00 +0.000000e+00 +0.000000e+00 +0.000000e+00 +0.000000e+00 +0.000000e+00 +0.000000e+00 +0.000000e+00 +0.000000e+00 +0.000000e+00 +0.000000e+00 +0.000000e+00 +0.000000e+00 +0.000000e+00 +0.000000e+00 +0.000000e+00 +0.000000e+00 +0.000000e+00 +0.000000e+00 +0.000000e+00 +0.000000e+00 +0.000000e+00 +0.000000e+00 +0.000000e+00 +0.000000e+00 +0.000000e+00 +0.000000e+00 +0.000000e+00 +0.000000e+00 +0.000000e+00 +0.000000e+00 +0.000000e+00 +0.000000e+00 +0.000000e+00 +0.000000e+00 +0.000000e+00 +0.000000e+00 +0.000000e+00 +0.000000e+00 +0.000000e+00 +0.000000e+00 +0.000000e+00 +0.000000e+00 +0.000000e+00 +0.000000e+00 +0.000000e+00 +0.000000e+00 +0.000000e+00 +0.000000e+00 +0.000000e+00 +0.000000e+00 +0.000000e+00 +0.000000e+00 +0.000000e+00 +0.000000e+00 +0.000000e+00 +0.000000e+00 +0.000000e+00 +0.000000e+00 +0.000000e+00 +0.000000e+00 +0.000000e+00 +0.000000e+00 +0.000000e+00 +0.000000e+00 +0.000000e+00 +0.000000e+00 +0.000000e+00 +0.000000e+00 +0.000000e+00 +0.000000e+00 +0.000000e+00 +0.000000e+00 +0.000000e+00 +0.000000e+00 +0.000000e+00 +5.502339e-01 +0.000000e+00 +0.000000e+00 +0.000000e+00 +1.931798e-01 -1.761104e-11 +0.000000e+00 -2.027844e-11 +0.000000e+00 +1.309314e-11 +0.000000e+00 +7.854145e-11 +1.000000e+00 -6.283006e-12 +0.000000e+00 -1.013652e-11 +0.000000e+00 -1.197541e-11 +0.000000e+00 -9.682714e-12 +0.000000e+00 +0.000000e+00 +0.000000e+00 +0.000000e+00 +4.054525e-01 
+0.000000e+00 +0.000000e+00 +0.000000e+00 +0.000000e+00 +0.000000e+00 +0.000000e+00 +0.000000e+00 +0.000000e+00 +0.000000e+00 +0.000000e+00 +0.000000e+00 +0.000000e+00 +0.000000e+00 +0.000000e+00 +0.000000e+00 +0.000000e+00 +0.000000e+00 +0.000000e+00 +0.000000e+00 +0.000000e+00 +0.000000e+00 +0.000000e+00 +0.000000e+00 +0.000000e+00 +0.000000e+00 +0.000000e+00 +0.000000e+00 +0.000000e+00 +0.000000e+00 +0.000000e+00 +0.000000e+00 +0.000000e+00 +0.000000e+00 +0.000000e+00 +0.000000e+00 +0.000000e+00 +0.000000e+00 +0.000000e+00 +0.000000e+00 +0.000000e+00 +0.000000e+00 +0.000000e+00 +0.000000e+00 +0.000000e+00 +0.000000e+00 +0.000000e+00 +0.000000e+00 +0.000000e+00 +0.000000e+00 +0.000000e+00 +0.000000e+00 +0.000000e+00 +0.000000e+00 +0.000000e+00 +0.000000e+00 +0.000000e+00 +0.000000e+00 +0.000000e+00 +0.000000e+00 +0.000000e+00 +0.000000e+00 +0.000000e+00 +0.000000e+00 +0.000000e+00 +0.000000e+00 +0.000000e+00 +0.000000e+00 +0.000000e+00 +0.000000e+00 +0.000000e+00 +0.000000e+00 +0.000000e+00 +0.000000e+00 +0.000000e+00 +0.000000e+00 +0.000000e+00 +0.000000e+00 +0.000000e+00 +0.000000e+00 +0.000000e+00 +0.000000e+00 +0.000000e+00 +0.000000e+00 +0.000000e+00 +0.000000e+00 +0.000000e+00 +0.000000e+00 +0.000000e+00 +0.000000e+00 +0.000000e+00 +0.000000e+00 +0.000000e+00 +0.000000e+00 +0.000000e+00 +0.000000e+00 +0.000000e+00 +0.000000e+00 +0.000000e+00 +0.000000e+00 +0.000000e+00 +0.000000e+00 +0.000000e+00 +0.000000e+00 +0.000000e+00 +0.000000e+00 +0.000000e+00 +0.000000e+00 +0.000000e+00 +0.000000e+00 +0.000000e+00 +0.000000e+00 +0.000000e+00 +0.000000e+00 +0.000000e+00 +0.000000e+00 +8.028843e-02 +0.000000e+00 +0.000000e+00 +0.000000e+00 +2.708033e-01 -2.764231e-12 +0.000000e+00 -2.831441e-12 +0.000000e+00 -1.301510e-12 +0.000000e+00 -1.357878e-11 +0.000000e+00 +2.948809e-11 +0.000000e+00 +3.825828e-11 +1.000000e+00 -7.128127e-12 +0.000000e+00 -3.414761e-11 +0.000000e+00 +0.000000e+00 +0.000000e+00 +0.000000e+00 +1.107637e-01 
+0.000000e+00 +0.000000e+00 +0.000000e+00 +0.000000e+00 +0.000000e+00 +0.000000e+00 +0.000000e+00 +0.000000e+00 +0.000000e+00 +0.000000e+00 +0.000000e+00 +0.000000e+00 +0.000000e+00 +0.000000e+00 +0.000000e+00 +0.000000e+00 +0.000000e+00 +0.000000e+00 +0.000000e+00 +0.000000e+00 +0.000000e+00 +0.000000e+00 +0.000000e+00 +0.000000e+00 +0.000000e+00 +0.000000e+00 +0.000000e+00 +0.000000e+00 +0.000000e+00 +0.000000e+00 +0.000000e+00 +0.000000e+00 +0.000000e+00 +0.000000e+00 +0.000000e+00 +0.000000e+00 +0.000000e+00 +0.000000e+00 +0.000000e+00 +0.000000e+00 +0.000000e+00 +0.000000e+00 +0.000000e+00 +0.000000e+00 +0.000000e+00 +0.000000e+00 +0.000000e+00 +0.000000e+00 +0.000000e+00 +0.000000e+00 +0.000000e+00 +0.000000e+00 +0.000000e+00 +0.000000e+00 +0.000000e+00 +0.000000e+00 +0.000000e+00 +0.000000e+00 +0.000000e+00 +0.000000e+00 +0.000000e+00 +0.000000e+00 +0.000000e+00 +0.000000e+00 +0.000000e+00 +0.000000e+00 +0.000000e+00 +0.000000e+00 +0.000000e+00 +0.000000e+00 +0.000000e+00 +0.000000e+00 +0.000000e+00 +0.000000e+00 +0.000000e+00 +0.000000e+00 +0.000000e+00 +0.000000e+00 +0.000000e+00 +0.000000e+00 +0.000000e+00 +0.000000e+00 +0.000000e+00 +0.000000e+00 +0.000000e+00 +0.000000e+00 +0.000000e+00 +0.000000e+00 +0.000000e+00 +0.000000e+00 +0.000000e+00 +0.000000e+00 +0.000000e+00 +0.000000e+00 +0.000000e+00 +0.000000e+00 +0.000000e+00 +0.000000e+00 +0.000000e+00 +0.000000e+00 +0.000000e+00 +0.000000e+00 +0.000000e+00 +0.000000e+00 +0.000000e+00 +0.000000e+00 +0.000000e+00 +0.000000e+00 +0.000000e+00 +0.000000e+00 +0.000000e+00 +0.000000e+00 +0.000000e+00 +0.000000e+00 +0.000000e+00 +1.548485e-01 +0.000000e+00 +0.000000e+00 +0.000000e+00 +4.398444e-01 -5.529153e-12 +0.000000e+00 -5.465049e-12 +0.000000e+00 -2.518925e-12 +0.000000e+00 -2.623570e-11 +0.000000e+00 -1.110033e-11 +0.000000e+00 -2.341970e-11 +0.000000e+00 +3.707092e-11 +0.000000e+00 +4.681870e-11 +1.000000e+00 +0.000000e+00 +0.000000e+00 +0.000000e+00 +2.455656e-01 
+0.000000e+00 +0.000000e+00 +0.000000e+00 +0.000000e+00 +0.000000e+00 +0.000000e+00 +0.000000e+00 +0.000000e+00 +0.000000e+00 +0.000000e+00 +0.000000e+00 +0.000000e+00 +0.000000e+00 +0.000000e+00 +0.000000e+00 +0.000000e+00 +0.000000e+00 +0.000000e+00 +0.000000e+00 +0.000000e+00 +0.000000e+00 +0.000000e+00 +0.000000e+00 +0.000000e+00 +0.000000e+00 +0.000000e+00 +0.000000e+00 +0.000000e+00 +0.000000e+00 +0.000000e+00 +0.000000e+00 +0.000000e+00 +0.000000e+00 +0.000000e+00 +0.000000e+00 +0.000000e+00 +0.000000e+00 +0.000000e+00 +0.000000e+00 +0.000000e+00 +0.000000e+00 +0.000000e+00 +0.000000e+00 +0.000000e+00 +0.000000e+00 +0.000000e+00 +0.000000e+00 +0.000000e+00 +0.000000e+00 +0.000000e+00 +0.000000e+00 +0.000000e+00 +0.000000e+00 +0.000000e+00 +0.000000e+00 +0.000000e+00 +0.000000e+00 +0.000000e+00 +0.000000e+00 +0.000000e+00 +0.000000e+00 +0.000000e+00 +0.000000e+00 +0.000000e+00 +0.000000e+00 +0.000000e+00 +0.000000e+00 +0.000000e+00 +0.000000e+00 +0.000000e+00 +0.000000e+00 +0.000000e+00 +0.000000e+00 +0.000000e+00 +0.000000e+00 +0.000000e+00 +0.000000e+00 +0.000000e+00 +0.000000e+00 +0.000000e+00 +0.000000e+00 +0.000000e+00 +0.000000e+00 +0.000000e+00 +0.000000e+00 +0.000000e+00 +0.000000e+00 +0.000000e+00 +0.000000e+00 +0.000000e+00 +0.000000e+00 +0.000000e+00 +0.000000e+00 +0.000000e+00 +0.000000e+00 +0.000000e+00 +0.000000e+00 +0.000000e+00 +0.000000e+00 +0.000000e+00 +0.000000e+00 +0.000000e+00 +0.000000e+00 +0.000000e+00 +0.000000e+00 +0.000000e+00 +0.000000e+00 +0.000000e+00 +0.000000e+00 +0.000000e+00 +0.000000e+00 +0.000000e+00 +0.000000e+00 +0.000000e+00 +0.000000e+00 +2.301006e+09 +0.000000e+00 +0.000000e+00 +0.000000e+00 +1.732458e+09 -9.813273e-02 +0.000000e+00 -8.077356e-02 +0.000000e+00 -3.843094e-02 +0.000000e+00 -3.952734e-01 +0.000000e+00 -5.141850e-02 +0.000000e+00 -9.107838e-02 +0.000000e+00 -1.146651e-01 +0.000000e+00 -7.241282e-02 +0.000000e+00 +1.000000e+00 +0.000000e+00 +0.000000e+00 +1.657089e+10 

