+1.736111e-03 +0.000000e+00 +0.000000e+00 +4.379316e+07
+1.504630e-03 +0.000000e+00 +0.000000e+00 +5.156998e+07
+1.726699e-13 -2.661650e-04 +0.000000e+00 +2.999636e+07
-1.701252e-06 -4.061563e-04 +0.000000e+00 +2.999636e+07
+1.736053e-13 -3.021689e-04 +0.000000e+00 +2.999636e+07
-4.325446e-07 -4.931658e-04 +0.000000e+00 +2.999636e+07
+4.934617e-27 -4.934617e-27 +0.000000e+00 +3.563636e+07
+1.736111e-03 +0.000000e+00 +0.000000e+00 +4.758204e+07
+1.504630e-03 +0.000000e+00 +0.000000e+00 +5.280793e+07
+0.000000e+00 -5.706850e-04 +0.000000e+00 +3.000000e+07
-3.476122e-04 -5.626131e-04 +0.000000e+00 +3.000000e+07
-5.053295e-06 -6.175579e-04 +0.000000e+00 +3.000000e+07
-1.844905e-04 -8.334959e-04 +0.000000e+00 +3.000000e+07
+0.000000e+00 +0.000000e+00 +0.000000e+00 +4.260456e+07
+1.736111e-03 +0.000000e+00 +0.000000e+00 +4.391129e+07
+1.504630e-03 +0.000000e+00 +0.000000e+00 +4.781618e+07
-1.870344e-09 -4.990319e-04 +0.000000e+00 +3.000000e+07
-8.219755e-04 -3.362380e-04 +0.000000e+00 +3.000000e+07
-1.023312e-04 -4.939722e-04 +0.000000e+00 +3.000000e+07
-5.166964e-04 -5.982234e-04 +0.000000e+00 +3.000000e+07
+0.000000e+00 +0.000000e+00 +0.000000e+00 +4.047485e+07
+1.736111e-03 +0.000000e+00 +0.000000e+00 +4.059510e+07
+1.504630e-03 +0.000000e+00 +0.000000e+00 +4.334825e+07
-3.584570e-05 -3.900032e-04 +0.000000e+00 +3.000000e+07
-9.810153e-04 -2.193000e-04 +0.000000e+00 +3.000000e+07
-2.363810e-04 -3.376322e-04 +0.000000e+00 +3.000000e+07
-6.628480e-04 -4.254793e-04 +0.000000e+00 +3.000000e+07
+0.000000e+00 +0.000000e+00 +0.000000e+00 +3.783690e+07
+1.736111e-03 +0.000000e+00 +0.000000e+00 +3.823369e+07
+1.504630e-03 +0.000000e+00 +0.000000e+00 +4.027446e+07
-1.653737e-04 -2.623983e-04 +0.000000e+00 +3.000000e+07
-1.046521e-03 -1.473530e-04 +0.000000e+00 +3.000000e+07
-3.341766e-04 -2.379304e-04 +0.000000e+00 +3.000000e+07
-7.517182e-04 -3.069260e-04 +0.000000e+00 +3.000000e+07
+0.000000e+00 +0.000000e+00 +0.000000e+00 +3.592454e+07
